 0.00000009835519 0.00000009832014 0.00000009828510 0.00000009825008 0.00000009821508
[156] 0.00000009818009 0.00000009814512 0.00000009811016 0.00000009807522 0.00000009804030
[161] 0.00000009800539 0.00000009797050 0.00000009793562 0.00000009790076 0.00000009786592
[166] 0.00000009783109 0.00000009779628 0.00000009776148 0.00000009772670 0.00000009769194
[171] 0.00000009765719 0.00000009762245 0.00000009758774 0.00000009755304 0.00000009751835
[176] 0.00000009748368 0.00000009744903 0.00000009741439 0.00000009737977 0.00000009734517
[181] 0.00000009731058 0.00000009727600 0.00000009724144 0.00000009720690 0.00000009717238
[186] 0.00000009713787 0.00000009710337 0.00000009706889 0.00000009703443 0.00000009699998
[191] 0.00000009696555 0.00000009693114 0.00000009689674 0.00000009686236 0.00000009682799
[196] 0.00000009679364 0.00000009675930 0.00000009672498 0.00000009669068 0.00000009665639
[201] 0.00000009662211 0.00000009658786 0.00000009655362 0.00000009651939 0.00000009648518
[206] 0.00000009645099 0.00000009641681 0.00000009638265 0.00000009634850 0.00000009631437
[211] 0.00000009628025 0.00000009624616 0.00000009621207 0.00000009617800 0.00000009614395
[216] 0.00000009610992 0.00000009607590 0.00000009604189 0.00000009600790 0.00000009597393
[221] 0.00000009593997 0.00000009590603 0.00000009587210 0.00000009583819 0.00000009580430
[226] 0.00000009577042 0.00000009573656 0.00000009570271 0.00000009566888 0.00000009563506
[231] 0.00000009560126 0.00000009556748 0.00000009553371 0.00000009549995 0.00000009546622
[236] 0.00000009543249 0.00000009539879 0.00000009536510 0.00000009533142 0.00000009529776
[241] 0.00000009526412 0.00000009523049 0.00000009519688 0.00000009516328 0.00000009512970
[246] 0.00000009509613 0.00000009506258 0.00000009502905 0.00000009499553 0.00000009496203
[251] 0.00000009492854 0.00000009489507 0.00000009486161 0.00000009482817 0.00000009479475
[256] 0.00000009476134 0.00000009472794 0.00000009469456 0.00000009466120 0.00000009462785
[261] 0.00000009459452 0.00000009456120 0.00000009452790 0.00000009449462 0.00000009446135
[266] 0.00000009442809 0.00000009439486 0.00000009436163 0.00000009432843 0.00000009429523
[271] 0.00000009426206 0.00000009422890 0.00000009419575 0.00000009416262 0.00000009412951
[276] 0.00000009409641 0.00000009406332 0.00000009403025 0.00000009399720 0.00000009396416
[281] 0.00000009393114 0.00000009389814 0.00000009386515 0.00000009383217 0.00000009379921
[286] 0.00000009376627 0.00000009373334 0.00000009370042 0.00000009366753 0.00000009363464
[291] 0.00000009360178 0.00000009356892 0.00000009353609 0.00000009350327 0.00000009347046
[296] 0.00000009343767 0.00000009340490 0.00000009337214 0.00000009333939 0.00000009330666
[301] 0.00000009327395 0.00000009324125 0.00000009320857 0.00000009317590 0.00000009314325
[306] 0.00000009311061 0.00000009307799 0.00000009304539 0.00000009301279 0.00000009298022
[311] 0.00000009294766 0.00000009291512 0.00000009288259 0.00000009285007 0.00000009281757
[316] 0.00000009278509 0.00000009275262 0.00000009272017 0.00000009268773 0.00000009265531
[321] 0.00000009262290 0.00000009259051 0.00000009255813 0.00000009252577 0.00000009249343
[326] 0.00000009246110 0.00000009242878 0.00000009239648 0.00000009236420 0.00000009233193
[331] 0.00000009229967 0.00000009226743 0.00000009223521 0.00000009220300 0.00000009217081
[336] 0.00000009213863 0.00000009210646 0.00000009207432 0.00000009204218 0.00000009201007
[341] 0.00000009197796 0.00000009194588 0.00000009191380 0.00000009188175 0.00000009184970
[346] 0.00000009181768 0.00000009178567 0.00000009175367 0.00000009172169 0.00000009168972
[351] 0.00000009165777 0.00000009162584 0.00000009159392 0.00000009156201 0.00000009153012
[356] 0.00000009149824 0.00000009146638 0.00000009143454 0.00000009140271 0.00000009137089
[361] 0.00000009133909 0.00000009130731 0.00000009127554 0.00000009124378 0.00000009121204
[366] 0.00000009118032 0.00000009114861 0.00000009111691 0.00000009108523 0.00000009105357
[371] 0.00000009102192 0.00000009099029 0.00000009095867 0.00000009092706 0.00000009089547
[376] 0.00000009086390 0.00000009083234 0.00000009080079 0.00000009076926 0.00000009073775
[381] 0.00000009070625 0.00000009067477 0.00000009064330 0.00000009061184 0.00000009058040
[386] 0.00000009054898 0.00000009051757 0.00000009048617 0.00000009045479 0.00000009042343
[391] 0.00000009039208 0.00000009036074 0.00000009032942 0.00000009029812 0.00000009026683
[396] 0.00000009023555 0.00000009020429 0.00000009017304 0.00000009014181 0.00000009011060
[401] 0.00000009007939 0.00000009004821 0.00000009001704 0.00000008998588 0.00000008995474
[406] 0.00000008992361 0.00000008989250 0.00000008986140 0.00000008983032 0.00000008979925
[411] 0.00000008976820 0.00000008973716 0.00000008970614 0.00000008967513 0.00000008964414
[416] 0.00000008961316 0.00000008958219 0.00000008955124 0.00000008952031 0.00000008948939
[421] 0.00000008945848 0.00000008942759 0.00000008939672 0.00000008936586 0.00000008933501
[426] 0.00000008930418 0.00000008927336 0.00000008924256 0.00000008921177 0.00000008918100
[431] 0.00000008915024 0.00000008911950 0.00000008908877 0.00000008905806 0.00000008902736
[436] 0.00000008899667 0.00000008896601 0.00000008893535 0.00000008890471 0.00000008887408
[441] 0.00000008884347 0.00000008881288 0.00000008878229 0.00000008875173 0.00000008872118
[446] 0.00000008869064 0.00000008866011 0.00000008862961 0.00000008859911 0.00000008856863
[451] 0.00000008853817 0.00000008850772 0.00000008847728 0.00000008844686 0.00000008841645
[456] 0.00000008838606 0.00000008835568 0.00000008832532 0.00000008829497 0.00000008826464
[461] 0.00000008823432 0.00000008820402 0.00000008817373 0.00000008814345 0.00000008811319
[466] 0.00000008808294 0.00000008805271 0.00000008802249 0.00000008799229 0.00000008796210
[471] 0.00000008793193 0.00000008790177 0.00000008787162 0.00000008784149 0.00000008781137
[476] 0.00000008778127 0.00000008775119 0.00000008772111 0.00000008769105 0.00000008766101
[481] 0.00000008763098 0.00000008760097 0.00000008757096 0.00000008754098 0.00000008751101
[486] 0.00000008748105 0.00000008745111 0.00000008742118 0.00000008739126 0.00000008736136
[491] 0.00000008733148 0.00000008730160 0.00000008727175 0.00000008724191 0.00000008721208
[496] 0.00000008718226 0.00000008715246 0.00000008712268 0.00000008709291 0.00000008706315
[501] 0.00000008703341
[1] 0.00000008703341
[1] "Found minimum residual"
[1] TRUE
> source('C:/Users/VitalyPC/MyOneDrive/Documents/GitHub/grad_work/diplMag.R', encoding = 'UTF-8')
  [1] 0.0000003031006 0.0000003030406 0.0000003029807 0.0000003029207 0.0000003028607
  [6] 0.0000003028007 0.0000003027407 0.0000003026807 0.0000003026207 0.0000003025607
 [11] 0.0000003025007 0.0000003024407 0.0000003023807 0.0000003023207 0.0000003022607
 [16] 0.0000003022007 0.0000003021407 0.0000003020808 0.0000003020208 0.0000003019608
 [21] 0.0000003019008 0.0000003018408 0.0000003017808 0.0000003017208 0.0000003016608
 [26] 0.0000003016009 0.0000003015409 0.0000003014809 0.0000003014209 0.0000003013609
 [31] 0.0000003013010 0.0000003012410 0.0000003011810 0.0000003011210 0.0000003010610
 [36] 0.0000003010011 0.0000003009411 0.0000003008811 0.0000003008212 0.0000003007612
 [41] 0.0000003007012 0.0000003006413 0.0000003005813 0.0000003005213 0.0000003004614
 [46] 0.0000003004014 0.0000003003415 0.0000003002815 0.0000003002215 0.0000003001616
 [51] 0.0000003001016 0.0000003000417 0.0000002999817 0.0000002999218 0.0000002998618
 [56] 0.0000002998019 0.0000002997420 0.0000002996820 0.0000002996221 0.0000002995622
 [61] 0.0000002995022 0.0000002994423 0.0000002993824 0.0000002993224 0.0000002992625
 [66] 0.0000002992026 0.0000002991427 0.0000002990828 0.0000002990228 0.0000002989629
 [71] 0.0000002989030 0.0000002988431 0.0000002987832 0.0000002987233 0.0000002986634
 [76] 0.0000002986035 0.0000002985436 0.0000002984837 0.0000002984238 0.0000002983639
 [81] 0.0000002983040 0.0000002982442 0.0000002981843 0.0000002981244 0.0000002980645
 [86] 0.0000002980047 0.0000002979448 0.0000002978849 0.0000002978251 0.0000002977652
 [91] 0.0000002977053 0.0000002976455 0.0000002975856 0.0000002975258 0.0000002974659
 [96] 0.0000002974061 0.0000002973463 0.0000002972864 0.0000002972266 0.0000002971668
[101] 0.0000002971069 0.0000002970802 0.0000002971007 0.0000002971211 0.0000002971416
[106] 0.0000002971619 0.0000002971823 0.0000002972026 0.0000002972228 0.0000002972430
[111] 0.0000002972632 0.0000002972833 0.0000002973034 0.0000002973234 0.0000002973434
[116] 0.0000002973634 0.0000002973833 0.0000002974032 0.0000002974230 0.0000002974428
[121] 0.0000002974626 0.0000002974823 0.0000002975019 0.0000002975216 0.0000002975411
[126] 0.0000002975607 0.0000002975802 0.0000002975996 0.0000002976191 0.0000002976384
[131] 0.0000002976578 0.0000002976771 0.0000002976963 0.0000002977155 0.0000002977347
[136] 0.0000002977538 0.0000002977729 0.0000002977920 0.0000002978110 0.0000002978300
[141] 0.0000002978489 0.0000002978678 0.0000002978866 0.0000002979054 0.0000002979242
[146] 0.0000002979429 0.0000002979616 0.0000002979802 0.0000002979988 0.0000002980174
[151] 0.0000002980359 0.0000002980544 0.0000002980728 0.0000002980912 0.0000002981096
[156] 0.0000002981279 0.0000002981462 0.0000002981644 0.0000002981826 0.0000002982008
[161] 0.0000002982189 0.0000002982370 0.0000002982550 0.0000002982730 0.0000002982909
[166] 0.0000002983089 0.0000002983267 0.0000002983446 0.0000002983624 0.0000002983801
[171] 0.0000002983978 0.0000002984155 0.0000002984332 0.0000002984507 0.0000002984683
[176] 0.0000002984858 0.0000002985033 0.0000002985207 0.0000002985381 0.0000002985555
[181] 0.0000002985728 0.0000002985901 0.0000002986073 0.0000002986245 0.0000002986417
[186] 0.0000002986588 0.0000002986759 0.0000002986929 0.0000002987099 0.0000002987269
[191] 0.0000002987438 0.0000002987607 0.0000002987775 0.0000002987943 0.0000002988111
[196] 0.0000002988278 0.0000002988445 0.0000002988612 0.0000002988778 0.0000002988944
[201] 0.0000002989109 0.0000002989274 0.0000002989438 0.0000002989602 0.0000002989766
[206] 0.0000002989930 0.0000002990093 0.0000002990255 0.0000002990417 0.0000002990579
[211] 0.0000002990741 0.0000002990902 0.0000002991062 0.0000002991223 0.0000002991383
[216] 0.0000002991542 0.0000002991701 0.0000002991860 0.0000002992018 0.0000002992176
[221] 0.0000002992334 0.0000002992491 0.0000002992648 0.0000002992804 0.0000002992960
[226] 0.0000002993116 0.0000002993271 0.0000002993426 0.0000002993581 0.0000002993735
[231] 0.0000002993889 0.0000002994042 0.0000002994195 0.0000002994348 0.0000002994500
[236] 0.0000002994652 0.0000002994803 0.0000002994954 0.0000002995105 0.0000002995255
[241] 0.0000002995405 0.0000002995555 0.0000002995704 0.0000002995853 0.0000002996001
[246] 0.0000002996149 0.0000002996297 0.0000002996445 0.0000002996591 0.0000002996738
[251] 0.0000002996884 0.0000002997030 0.0000002997176 0.0000002997321 0.0000002997465
[256] 0.0000002997610 0.0000002997754 0.0000002997897 0.0000002998040 0.0000002998183
[261] 0.0000002998326 0.0000002998468 0.0000002998610 0.0000002998751 0.0000002998892
[266] 0.0000002999033 0.0000002999173 0.0000002999313 0.0000002999452 0.0000002999591
[271] 0.0000002999730 0.0000002999869 0.0000003000007 0.0000003000144 0.0000003000282
[276] 0.0000003000419 0.0000003000555 0.0000003000691 0.0000003000827 0.0000003000963
[281] 0.0000003001098 0.0000003001232 0.0000003001367 0.0000003001501 0.0000003001635
[286] 0.0000003001768 0.0000003001901 0.0000003002033 0.0000003002165 0.0000003002297
[291] 0.0000003002429 0.0000003002560 0.0000003002691 0.0000003002821 0.0000003002951
[296] 0.0000003003081 0.0000003003210 0.0000003003339 0.0000003003467 0.0000003003596
[301] 0.0000003003724 0.0000003003851 0.0000003003978 0.0000003004105 0.0000003004231
[306] 0.0000003004357 0.0000003004483 0.0000003004608 0.0000003004733 0.0000003004858
[311] 0.0000003004982 0.0000003005106 0.0000003005230 0.0000003005353 0.0000003005476
[316] 0.0000003005598 0.0000003005720 0.0000003005842 0.0000003005964 0.0000003006085
[321] 0.0000003006205 0.0000003006326 0.0000003006446 0.0000003006565 0.0000003006685
[326] 0.0000003006804 0.0000003006922 0.0000003007041 0.0000003007158 0.0000003007276
[331] 0.0000003007393 0.0000003007510 0.0000003007627 0.0000003007743 0.0000003007858
[336] 0.0000003007974 0.0000003008089 0.0000003008204 0.0000003008318 0.0000003008432
[341] 0.0000003008546 0.0000003008659 0.0000003008772 0.0000003008885 0.0000003008997
[346] 0.0000003009109 0.0000003009221 0.0000003009332 0.0000003009443 0.0000003009553
[351] 0.0000003009664 0.0000003009774 0.0000003009883 0.0000003009992 0.0000003010101
[356] 0.0000003010210 0.0000003010318 0.0000003010426 0.0000003010533 0.0000003010640
[361] 0.0000003010747 0.0000003010854 0.0000003010960 0.0000003011065 0.0000003011171
[366] 0.0000003011276 0.0000003011381 0.0000003011485 0.0000003011589 0.0000003011693
[371] 0.0000003011796 0.0000003011899 0.0000003012002 0.0000003012104 0.0000003012206
[376] 0.0000003012308 0.0000003012409 0.0000003012510 0.0000003012611 0.0000003012711
[381] 0.0000003012811 0.0000003012911 0.0000003013010 0.0000003013109 0.0000003013208
[386] 0.0000003013306 0.0000003013404 0.0000003013502 0.0000003013599 0.0000003013696
[391] 0.0000003013793 0.0000003013889 0.0000003013985 0.0000003014081 0.0000003014176
[396] 0.0000003014271 0.0000003014366 0.0000003014460 0.0000003014554 0.0000003014648
[401] 0.0000003014741 0.0000003014834 0.0000003014927 0.0000003015019 0.0000003015111
[406] 0.0000003015203 0.0000003015294 0.0000003015385 0.0000003015476 0.0000003015566
[411] 0.0000003015656 0.0000003015746 0.0000003015835 0.0000003015925 0.0000003016013
[416] 0.0000003016102 0.0000003016190 0.0000003016277 0.0000003016365 0.0000003016452
[421] 0.0000003016539 0.0000003016625 0.0000003016711 0.0000003016797 0.0000003016882
[426] 0.0000003016968 0.0000003017052 0.0000003017137 0.0000003017221 0.0000003017305
[431] 0.0000003017388 0.0000003017472 0.0000003017555 0.0000003017637 0.0000003017719
[436] 0.0000003017801 0.0000003017883 0.0000003017964 0.0000003018045 0.0000003018126
[441] 0.0000003018206 0.0000003018286 0.0000003018366 0.0000003018445 0.0000003018524
[446] 0.0000003018603 0.0000003018681 0.0000003018759 0.0000003018837 0.0000003018914
[451] 0.0000003018991 0.0000003019068 0.0000003019145 0.0000003019221 0.0000003019297
[456] 0.0000003019372 0.0000003019448 0.0000003019522 0.0000003019597 0.0000003019671
[461] 0.0000003019745 0.0000003019819 0.0000003019892 0.0000003019965 0.0000003020038
[466] 0.0000003020110 0.0000003020182 0.0000003020254 0.0000003020326 0.0000003020397
[471] 0.0000003020468 0.0000003020538 0.0000003020608 0.0000003020678 0.0000003020748
[476] 0.0000003020817 0.0000003020886 0.0000003020955 0.0000003021023 0.0000003021091
[481] 0.0000003021159 0.0000003021226 0.0000003021293 0.0000003021360 0.0000003021427
[486] 0.0000003021493 0.0000003021559 0.0000003021624 0.0000003021690 0.0000003021754
[491] 0.0000003021819 0.0000003021883 0.0000003021948 0.0000003022011 0.0000003022075
[496] 0.0000003022138 0.0000003022201 0.0000003022263 0.0000003022325 0.0000003022387
[501] 0.0000003022449
[1] FALSE
> source('C:/Users/VitalyPC/MyOneDrive/Documents/GitHub/grad_work/diplMag.R', encoding = 'UTF-8')
  [1] 0.0000003020247 0.0000003020186 0.0000003020125 0.0000003020063 0.0000003020002
  [6] 0.0000003019940 0.0000003019878 0.0000003019816 0.0000003019753 0.0000003019691
 [11] 0.0000003019628 0.0000003019565 0.0000003019502 0.0000003019438 0.0000003019375
 [16] 0.0000003019311 0.0000003019247 0.0000003019183 0.0000003019118 0.0000003019054
 [21] 0.0000003018989 0.0000003018924 0.0000003018859 0.0000003018794 0.0000003018729
 [26] 0.0000003018663 0.0000003018597 0.0000003018531 0.0000003018465 0.0000003018399
 [31] 0.0000003018332 0.0000003018265 0.0000003018198 0.0000003018131 0.0000003018064
 [36] 0.0000003017996 0.0000003017929 0.0000003017861 0.0000003017793 0.0000003017724
 [41] 0.0000003017656 0.0000003017587 0.0000003017519 0.0000003017450 0.0000003017380
 [46] 0.0000003017311 0.0000003017242 0.0000003017172 0.0000003017102 0.0000003017032
 [51] 0.0000003016961 0.0000003016891 0.0000003016820 0.0000003016750 0.0000003016679
 [56] 0.0000003016607 0.0000003016536 0.0000003016464 0.0000003016393 0.0000003016321
 [61] 0.0000003016249 0.0000003016176 0.0000003016104 0.0000003016031 0.0000003015958
 [66] 0.0000003015885 0.0000003015812 0.0000003015739 0.0000003015665 0.0000003015592
 [71] 0.0000003015518 0.0000003015444 0.0000003015369 0.0000003015295 0.0000003015220
 [76] 0.0000003015145 0.0000003015070 0.0000003014995 0.0000003014920 0.0000003014844
 [81] 0.0000003014769 0.0000003014693 0.0000003014617 0.0000003014540 0.0000003014464
 [86] 0.0000003014387 0.0000003014311 0.0000003014234 0.0000003014157 0.0000003014079
 [91] 0.0000003014002 0.0000003013924 0.0000003013846 0.0000003013768 0.0000003013690
 [96] 0.0000003013612 0.0000003013533 0.0000003013455 0.0000003013376 0.0000003013297
[101] 0.0000003013217 0.0000003013138 0.0000003013058 0.0000003012979 0.0000003012899
[106] 0.0000003012819 0.0000003012738 0.0000003012658 0.0000003012577 0.0000003012496
[111] 0.0000003012415 0.0000003012334 0.0000003012253 0.0000003012171 0.0000003012090
[116] 0.0000003012008 0.0000003011926 0.0000003011844 0.0000003011761 0.0000003011679
[121] 0.0000003011596 0.0000003011513 0.0000003011430 0.0000003011347 0.0000003011264
[126] 0.0000003011180 0.0000003011096 0.0000003011013 0.0000003010928 0.0000003010844
[131] 0.0000003010760 0.0000003010675 0.0000003010590 0.0000003010506 0.0000003010420
[136] 0.0000003010335 0.0000003010250 0.0000003010164 0.0000003010078 0.0000003009993
[141] 0.0000003009906 0.0000003009820 0.0000003009734 0.0000003009647 0.0000003009560
[146] 0.0000003009473 0.0000003009386 0.0000003009299 0.0000003009212 0.0000003009124
[151] 0.0000003009036 0.0000003008948 0.0000003008860 0.0000003008772 0.0000003008684
[156] 0.0000003008595 0.0000003008506 0.0000003008417 0.0000003008328 0.0000003008239
[161] 0.0000003008150 0.0000003008060 0.0000003007970 0.0000003007880 0.0000003007790
[166] 0.0000003007700 0.0000003007610 0.0000003007519 0.0000003007428 0.0000003007337
[171] 0.0000003007246 0.0000003007155 0.0000003007064 0.0000003006972 0.0000003006880
[176] 0.0000003006789 0.0000003006697 0.0000003006604 0.0000003006512 0.0000003006419
[181] 0.0000003006327 0.0000003006234 0.0000003006141 0.0000003006048 0.0000003005954
[186] 0.0000003005861 0.0000003005767 0.0000003005673 0.0000003005579 0.0000003005485
[191] 0.0000003005391 0.0000003005297 0.0000003005202 0.0000003005107 0.0000003005012
[196] 0.0000003004917 0.0000003004822 0.0000003004727 0.0000003004631 0.0000003004535
[201] 0.0000003004439 0.0000003004343 0.0000003004247 0.0000003004151 0.0000003004054
[206] 0.0000003003958 0.0000003003861 0.0000003003764 0.0000003003667 0.0000003003569
[211] 0.0000003003472 0.0000003003374 0.0000003003276 0.0000003003179 0.0000003003080
[216] 0.0000003002982 0.0000003002884 0.0000003002785 0.0000003002687 0.0000003002588
[221] 0.0000003002489 0.0000003002389 0.0000003002290 0.0000003002191 0.0000003002091
[226] 0.0000003001991 0.0000003001891 0.0000003001791 0.0000003001691 0.0000003001591
[231] 0.0000003001490 0.0000003001389 0.0000003001288 0.0000003001187 0.0000003001086
[236] 0.0000003000985 0.0000003000883 0.0000003000782 0.0000003000680 0.0000003000578
[241] 0.0000003000476 0.0000003000374 0.0000003000271 0.0000003000169 0.0000003000066
[246] 0.0000002999963 0.0000002999860 0.0000002999757 0.0000002999654 0.0000002999550
[251] 0.0000002999447 0.0000002999343 0.0000002999239 0.0000002999135 0.0000002999031
[256] 0.0000002998926 0.0000002998822 0.0000002998717 0.0000002998612 0.0000002998507
[261] 0.0000002998402 0.0000002998297 0.0000002998192 0.0000002998086 0.0000002997980
[266] 0.0000002997874 0.0000002997768 0.0000002997662 0.0000002997556 0.0000002997450
[271] 0.0000002997343 0.0000002997236 0.0000002997129 0.0000002997022 0.0000002996915
[276] 0.0000002996808 0.0000002996700 0.0000002996593 0.0000002996485 0.0000002996377
[281] 0.0000002996269 0.0000002996161 0.0000002996052 0.0000002995944 0.0000002995835
[286] 0.0000002995726 0.0000002995617 0.0000002995508 0.0000002995399 0.0000002995290
[291] 0.0000002995180 0.0000002995071 0.0000002994961 0.0000002994851 0.0000002994741
[296] 0.0000002994630 0.0000002994520 0.0000002994410 0.0000002994299 0.0000002994188
[301] 0.0000002994077 0.0000002993966 0.0000002993855 0.0000002993743 0.0000002993632
[306] 0.0000002993520 0.0000002993408 0.0000002993296 0.0000002993184 0.0000002993072
[311] 0.0000002992960 0.0000002992847 0.0000002992735 0.0000002992622 0.0000002992509
[316] 0.0000002992396 0.0000002992282 0.0000002992169 0.0000002992056 0.0000002991942
[321] 0.0000002991828 0.0000002991714 0.0000002991600 0.0000002991486 0.0000002991372
[326] 0.0000002991257 0.0000002991142 0.0000002991028 0.0000002990913 0.0000002990798
[331] 0.0000002990682 0.0000002990567 0.0000002990452 0.0000002990336 0.0000002990220
[336] 0.0000002990104 0.0000002989988 0.0000002989872 0.0000002989756 0.0000002989640
[341] 0.0000002989523 0.0000002989406 0.0000002989289 0.0000002989172 0.0000002989055
[346] 0.0000002988938 0.0000002988821 0.0000002988703 0.0000002988585 0.0000002988468
[351] 0.0000002988350 0.0000002988232 0.0000002988113 0.0000002987995 0.0000002987877
[356] 0.0000002987758 0.0000002987639 0.0000002987520 0.0000002987401 0.0000002987282
[361] 0.0000002987163 0.0000002987043 0.0000002986924 0.0000002986804 0.0000002986684
[366] 0.0000002986564 0.0000002986444 0.0000002986324 0.0000002986204 0.0000002986083
[371] 0.0000002985962 0.0000002985842 0.0000002985721 0.0000002985600 0.0000002985479
[376] 0.0000002985357 0.0000002985236 0.0000002985114 0.0000002984993 0.0000002984871
[381] 0.0000002984749 0.0000002984627 0.0000002984504 0.0000002984382 0.0000002984260
[386] 0.0000002984137 0.0000002984014 0.0000002983891 0.0000002983768 0.0000002983645
[391] 0.0000002983522 0.0000002983398 0.0000002983275 0.0000002983151 0.0000002983027
[396] 0.0000002982904 0.0000002982779 0.0000002982655 0.0000002982531 0.0000002982406
[401] 0.0000002982282 0.0000002982157 0.0000002982032 0.0000002981907 0.0000002981782
[406] 0.0000002981657 0.0000002981532 0.0000002981406 0.0000002981281 0.0000002981155
[411] 0.0000002981029 0.0000002980903 0.0000002980777 0.0000002980651 0.0000002980524
[416] 0.0000002980398 0.0000002980271 0.0000002980144 0.0000002980018 0.0000002979891
[421] 0.0000002979763 0.0000002979636 0.0000002979509 0.0000002979381 0.0000002979254
[426] 0.0000002979126 0.0000002978998 0.0000002978870 0.0000002978742 0.0000002978613
[431] 0.0000002978485 0.0000002978357 0.0000002978228 0.0000002978099 0.0000002977970
[436] 0.0000002977841 0.0000002977712 0.0000002977583 0.0000002977453 0.0000002977324
[441] 0.0000002977194 0.0000002977064 0.0000002976935 0.0000002976805 0.0000002976674
[446] 0.0000002976544 0.0000002976414 0.0000002976283 0.0000002976153 0.0000002976022
[451] 0.0000002975891 0.0000002975760 0.0000002975629 0.0000002975498 0.0000002975366
[456] 0.0000002975235 0.0000002975103 0.0000002974971 0.0000002974840 0.0000002974708
[461] 0.0000002974575 0.0000002974443 0.0000002974311 0.0000002974178 0.0000002974046
[466] 0.0000002973913 0.0000002973780 0.0000002973647 0.0000002973514 0.0000002973381
[471] 0.0000002973248 0.0000002973114 0.0000002972981 0.0000002972847 0.0000002972713
[476] 0.0000002972579 0.0000002972445 0.0000002972311 0.0000002972177 0.0000002972043
[481] 0.0000002971908 0.0000002971773 0.0000002971639 0.0000002971504 0.0000002971369
[486] 0.0000002971234 0.0000002971099 0.0000002970963 0.0000002970828 0.0000002970692
[491] 0.0000002970557 0.0000002970421 0.0000002970285 0.0000002970149 0.0000002970013
[496] 0.0000002969876 0.0000002969740 0.0000002969603 0.0000002969467 0.0000002969330
[501] 0.0000002969193
[1] 0.0000002969193
[1] "Found minimum residual"
[1] TRUE
> source('C:/Users/VitalyPC/MyOneDrive/Documents/GitHub/grad_work/diplMag.R', encoding = 'UTF-8')
  [1] 0.0000002506631 0.0000002506640 0.0000002506649 0.0000002506659 0.0000002506668
  [6] 0.0000002506677 0.0000002506686 0.0000002506696 0.0000002506705 0.0000002506714
 [11] 0.0000002506723 0.0000002506732 0.0000002506741 0.0000002506750 0.0000002506760
 [16] 0.0000002506769 0.0000002506778 0.0000002506787 0.0000002506796 0.0000002506805
 [21] 0.0000002506814 0.0000002506823 0.0000002506832 0.0000002506841 0.0000002506850
 [26] 0.0000002506859 0.0000002506868 0.0000002506877 0.0000002506886 0.0000002506895
 [31] 0.0000002506903 0.0000002506912 0.0000002506921 0.0000002506930 0.0000002506939
 [36] 0.0000002506948 0.0000002506957 0.0000002506965 0.0000002506974 0.0000002506983
 [41] 0.0000002506992 0.0000002507001 0.0000002507009 0.0000002507018 0.0000002507027
 [46] 0.0000002507035 0.0000002507044 0.0000002507053 0.0000002507062 0.0000002507070
 [51] 0.0000002507079 0.0000002507087 0.0000002507096 0.0000002507105 0.0000002507113
 [56] 0.0000002507122 0.0000002507130 0.0000002507139 0.0000002507148 0.0000002507156
 [61] 0.0000002507165 0.0000002507173 0.0000002507182 0.0000002507190 0.0000002507199
 [66] 0.0000002507207 0.0000002507216 0.0000002507224 0.0000002507232 0.0000002507241
 [71] 0.0000002507249 0.0000002507258 0.0000002507266 0.0000002507274 0.0000002507283
 [76] 0.0000002507291 0.0000002507299 0.0000002507308 0.0000002507316 0.0000002507324
 [81] 0.0000002507332 0.0000002507341 0.0000002507349 0.0000002507357 0.0000002507365
 [86] 0.0000002507374 0.0000002507382 0.0000002507390 0.0000002507398 0.0000002507406
 [91] 0.0000002507415 0.0000002507423 0.0000002507431 0.0000002507439 0.0000002507447
 [96] 0.0000002507455 0.0000002507463 0.0000002507471 0.0000002507479 0.0000002507487
[101] 0.0000002507495 0.0000002507503 0.0000002507511 0.0000002507519 0.0000002507527
[106] 0.0000002507535 0.0000002507543 0.0000002507551 0.0000002507559 0.0000002507567
[111] 0.0000002507575 0.0000002507583 0.0000002507591 0.0000002507599 0.0000002507606
[116] 0.0000002507614 0.0000002507622 0.0000002507630 0.0000002507638 0.0000002507645
[121] 0.0000002507653 0.0000002507661 0.0000002507669 0.0000002507676 0.0000002507684
[126] 0.0000002507692 0.0000002507700 0.0000002507707 0.0000002507715 0.0000002507723
[131] 0.0000002507730 0.0000002507738 0.0000002507746 0.0000002507753 0.0000002507761
[136] 0.0000002507768 0.0000002507776 0.0000002507784 0.0000002507791 0.0000002507799
[141] 0.0000002507806 0.0000002507814 0.0000002507821 0.0000002507829 0.0000002507836
[146] 0.0000002507844 0.0000002507851 0.0000002507859 0.0000002507866 0.0000002507873
[151] 0.0000002507881 0.0000002507888 0.0000002507896 0.0000002507903 0.0000002507910
[156] 0.0000002507918 0.0000002507925 0.0000002507932 0.0000002507940 0.0000002507947
[161] 0.0000002507954 0.0000002507962 0.0000002507969 0.0000002507976 0.0000002507983
[166] 0.0000002507991 0.0000002507998 0.0000002508005 0.0000002508012 0.0000002508019
[171] 0.0000002508027 0.0000002508034 0.0000002508041 0.0000002508048 0.0000002508055
[176] 0.0000002508062 0.0000002508069 0.0000002508076 0.0000002508084 0.0000002508091
[181] 0.0000002508098 0.0000002508105 0.0000002508112 0.0000002508119 0.0000002508126
[186] 0.0000002508133 0.0000002508140 0.0000002508147 0.0000002508154 0.0000002508161
[191] 0.0000002508168 0.0000002508174 0.0000002508181 0.0000002508188 0.0000002508195
[196] 0.0000002508202 0.0000002508209 0.0000002508216 0.0000002508223 0.0000002508229
[201] 0.0000002508236 0.0000002508243 0.0000002508250 0.0000002508257 0.0000002508263
[206] 0.0000002508270 0.0000002508277 0.0000002508284 0.0000002508290 0.0000002508297
[211] 0.0000002508304 0.0000002508310 0.0000002508317 0.0000002508324 0.0000002508330
[216] 0.0000002508337 0.0000002508344 0.0000002508350 0.0000002508357 0.0000002508363
[221] 0.0000002508370 0.0000002508376 0.0000002508383 0.0000002508390 0.0000002508396
[226] 0.0000002508403 0.0000002508409 0.0000002508416 0.0000002508422 0.0000002508429
[231] 0.0000002508435 0.0000002508441 0.0000002508448 0.0000002508454 0.0000002508461
[236] 0.0000002508467 0.0000002508473 0.0000002508480 0.0000002508486 0.0000002508493
[241] 0.0000002508499 0.0000002508505 0.0000002508512 0.0000002508518 0.0000002508524
[246] 0.0000002508530 0.0000002508537 0.0000002508543 0.0000002508549 0.0000002508555
[251] 0.0000002508562 0.0000002508568 0.0000002508574 0.0000002508580 0.0000002508586
[256] 0.0000002508593 0.0000002508599 0.0000002508605 0.0000002508611 0.0000002508617
[261] 0.0000002508623 0.0000002508629 0.0000002508635 0.0000002508641 0.0000002508648
[266] 0.0000002508654 0.0000002508660 0.0000002508666 0.0000002508672 0.0000002508678
[271] 0.0000002508684 0.0000002508690 0.0000002508696 0.0000002508702 0.0000002508708
[276] 0.0000002508713 0.0000002508719 0.0000002508725 0.0000002508731 0.0000002508737
[281] 0.0000002508743 0.0000002508749 0.0000002508755 0.0000002508760 0.0000002508766
[286] 0.0000002508772 0.0000002508778 0.0000002508784 0.0000002508789 0.0000002508795
[291] 0.0000002508801 0.0000002508807 0.0000002508813 0.0000002508818 0.0000002508824
[296] 0.0000002508830 0.0000002508835 0.0000002508841 0.0000002508847 0.0000002508852
[301] 0.0000002508858 0.0000002508864 0.0000002508869 0.0000002508875 0.0000002508880
[306] 0.0000002508886 0.0000002508892 0.0000002508897 0.0000002508903 0.0000002508908
[311] 0.0000002508914 0.0000002508919 0.0000002508925 0.0000002508930 0.0000002508936
[316] 0.0000002508941 0.0000002508947 0.0000002508952 0.0000002508958 0.0000002508963
[321] 0.0000002508968 0.0000002508974 0.0000002508979 0.0000002508985 0.0000002508990
[326] 0.0000002508995 0.0000002509001 0.0000002509006 0.0000002509011 0.0000002509017
[331] 0.0000002509022 0.0000002509027 0.0000002509033 0.0000002509038 0.0000002509043
[336] 0.0000002509048 0.0000002509054 0.0000002509059 0.0000002509064 0.0000002509069
[341] 0.0000002509074 0.0000002509080 0.0000002509085 0.0000002509090 0.0000002509095
[346] 0.0000002509100 0.0000002509105 0.0000002509110 0.0000002509115 0.0000002509121
[351] 0.0000002509126 0.0000002509131 0.0000002509136 0.0000002509141 0.0000002509146
[356] 0.0000002509151 0.0000002509156 0.0000002509161 0.0000002509166 0.0000002509171
[361] 0.0000002509176 0.0000002509181 0.0000002509186 0.0000002509191 0.0000002509196
[366] 0.0000002509200 0.0000002509205 0.0000002509210 0.0000002509215 0.0000002509220
[371] 0.0000002509225 0.0000002509230 0.0000002509235 0.0000002509239 0.0000002509244
[376] 0.0000002509249 0.0000002509254 0.0000002509259 0.0000002509263 0.0000002509268
[381] 0.0000002509273 0.0000002509277 0.0000002509282 0.0000002509287 0.0000002509292
[386] 0.0000002509296 0.0000002509301 0.0000002509306 0.0000002509310 0.0000002509315
[391] 0.0000002509320 0.0000002509324 0.0000002509329 0.0000002509333 0.0000002509338
[396] 0.0000002509343 0.0000002509347 0.0000002509352 0.0000002509356 0.0000002509361
[401] 0.0000002509365 0.0000002509370 0.0000002509374 0.0000002509379 0.0000002509383
[406] 0.0000002509388 0.0000002509392 0.0000002509397 0.0000002509401 0.0000002509405
[411] 0.0000002509410 0.0000002509414 0.0000002509419 0.0000002509423 0.0000002509427
[416] 0.0000002509432 0.0000002509436 0.0000002509440 0.0000002509445 0.0000002509449
[421] 0.0000002509453 0.0000002509458 0.0000002509462 0.0000002509466 0.0000002509470
[426] 0.0000002509475 0.0000002509479 0.0000002509483 0.0000002509487 0.0000002509492
[431] 0.0000002509496 0.0000002509500 0.0000002509504 0.0000002509508 0.0000002509512
[436] 0.0000002509517 0.0000002509521 0.0000002509525 0.0000002509529 0.0000002509533
[441] 0.0000002509537 0.0000002509541 0.0000002509545 0.0000002509549 0.0000002509553
[446] 0.0000002509557 0.0000002509561 0.0000002509565 0.0000002509569 0.0000002509573
[451] 0.0000002509577 0.0000002509581 0.0000002509585 0.0000002509589 0.0000002509593
[456] 0.0000002509597 0.0000002509601 0.0000002509605 0.0000002509609 0.0000002509613
[461] 0.0000002509617 0.0000002509620 0.0000002509624 0.0000002509628 0.0000002509632
[466] 0.0000002509636 0.0000002509640 0.0000002509643 0.0000002509647 0.0000002509651
[471] 0.0000002509655 0.0000002509658 0.0000002509662 0.0000002509666 0.0000002509670
[476] 0.0000002509673 0.0000002509677 0.0000002509681 0.0000002509684 0.0000002509688
[481] 0.0000002509692 0.0000002509695 0.0000002509699 0.0000002509703 0.0000002509706
[486] 0.0000002509710 0.0000002509713 0.0000002509717 0.0000002509720 0.0000002509724
[491] 0.0000002509728 0.0000002509731 0.0000002509735 0.0000002509738 0.0000002509742
[496] 0.0000002509745 0.0000002509749 0.0000002509752 0.0000002509756 0.0000002509759
[501] 0.0000002509762
[1] FALSE
> source('C:/Users/VitalyPC/MyOneDrive/Documents/GitHub/grad_work/diplMag.R', encoding = 'UTF-8')
  [1] 0.0000002787310 0.0000002787378 0.0000002787445 0.0000002787512 0.0000002787579
  [6] 0.0000002787646 0.0000002787713 0.0000002787780 0.0000002787848 0.0000002787915
 [11] 0.0000002787982 0.0000002788049 0.0000002788117 0.0000002788184 0.0000002788251
 [16] 0.0000002788318 0.0000002788386 0.0000002788453 0.0000002788520 0.0000002788587
 [21] 0.0000002788655 0.0000002788722 0.0000002788789 0.0000002788857 0.0000002788924
 [26] 0.0000002788991 0.0000002789059 0.0000002789126 0.0000002789193 0.0000002789261
 [31] 0.0000002789328 0.0000002789396 0.0000002789463 0.0000002789530 0.0000002789598
 [36] 0.0000002789665 0.0000002789733 0.0000002789800 0.0000002789868 0.0000002789935
 [41] 0.0000002790003 0.0000002790070 0.0000002790138 0.0000002790205 0.0000002790273
 [46] 0.0000002790340 0.0000002790408 0.0000002790475 0.0000002790543 0.0000002790611
 [51] 0.0000002790678 0.0000002790746 0.0000002790813 0.0000002790881 0.0000002790949
 [56] 0.0000002791016 0.0000002791084 0.0000002791152 0.0000002791219 0.0000002791287
 [61] 0.0000002791355 0.0000002791422 0.0000002791490 0.0000002791558 0.0000002791625
 [66] 0.0000002791693 0.0000002791761 0.0000002791829 0.0000002791896 0.0000002791964
 [71] 0.0000002792032 0.0000002792100 0.0000002792168 0.0000002792235 0.0000002792303
 [76] 0.0000002792371 0.0000002792439 0.0000002792507 0.0000002792575 0.0000002792642
 [81] 0.0000002792710 0.0000002792778 0.0000002792846 0.0000002792914 0.0000002792982
 [86] 0.0000002793050 0.0000002793118 0.0000002793186 0.0000002793254 0.0000002793322
 [91] 0.0000002793390 0.0000002793458 0.0000002793526 0.0000002793594 0.0000002793662
 [96] 0.0000002793730 0.0000002793798 0.0000002793866 0.0000002793934 0.0000002794002
[101] 0.0000002794070 0.0000002794138 0.0000002794206 0.0000002794274 0.0000002794342
[106] 0.0000002794410 0.0000002794479 0.0000002794547 0.0000002794615 0.0000002794683
[111] 0.0000002794751 0.0000002794819 0.0000002794888 0.0000002794956 0.0000002795024
[116] 0.0000002795092 0.0000002795160 0.0000002795229 0.0000002795297 0.0000002795365
[121] 0.0000002795433 0.0000002795502 0.0000002795570 0.0000002795638 0.0000002795707
[126] 0.0000002795775 0.0000002795843 0.0000002795912 0.0000002795980 0.0000002796048
[131] 0.0000002796117 0.0000002796185 0.0000002796253 0.0000002796322 0.0000002796390
[136] 0.0000002796459 0.0000002796527 0.0000002796595 0.0000002796664 0.0000002796732
[141] 0.0000002796801 0.0000002796869 0.0000002796938 0.0000002797006 0.0000002797075
[146] 0.0000002797143 0.0000002797212 0.0000002797280 0.0000002797349 0.0000002797417
[151] 0.0000002797486 0.0000002797555 0.0000002797623 0.0000002797692 0.0000002797760
[156] 0.0000002797829 0.0000002797898 0.0000002797966 0.0000002798035 0.0000002798103
[161] 0.0000002798172 0.0000002798241 0.0000002798309 0.0000002798378 0.0000002798447
[166] 0.0000002798516 0.0000002798584 0.0000002798653 0.0000002798722 0.0000002798791
[171] 0.0000002798859 0.0000002798928 0.0000002798997 0.0000002799066 0.0000002799134
[176] 0.0000002799203 0.0000002799272 0.0000002799341 0.0000002799410 0.0000002799479
[181] 0.0000002799547 0.0000002799616 0.0000002799685 0.0000002799754 0.0000002799823
[186] 0.0000002799892 0.0000002799961 0.0000002800030 0.0000002800099 0.0000002800168
[191] 0.0000002800236 0.0000002800305 0.0000002800374 0.0000002800443 0.0000002800512
[196] 0.0000002800581 0.0000002800650 0.0000002800719 0.0000002800788 0.0000002800858
[201] 0.0000002800927 0.0000002800996 0.0000002801065 0.0000002801134 0.0000002801203
[206] 0.0000002801272 0.0000002801341 0.0000002801410 0.0000002801479 0.0000002801549
[211] 0.0000002801618 0.0000002801687 0.0000002801756 0.0000002801825 0.0000002801894
[216] 0.0000002801964 0.0000002802033 0.0000002802102 0.0000002802171 0.0000002802241
[221] 0.0000002802310 0.0000002802379 0.0000002802448 0.0000002802518 0.0000002802587
[226] 0.0000002802656 0.0000002802726 0.0000002802795 0.0000002802864 0.0000002802934
[231] 0.0000002803003 0.0000002803072 0.0000002803142 0.0000002803211 0.0000002803280
[236] 0.0000002803350 0.0000002803419 0.0000002803489 0.0000002803558 0.0000002803628
[241] 0.0000002803697 0.0000002803766 0.0000002803836 0.0000002803905 0.0000002803975
[246] 0.0000002804044 0.0000002804114 0.0000002804183 0.0000002804253 0.0000002804323
[251] 0.0000002804392 0.0000002804462 0.0000002804531 0.0000002804601 0.0000002804670
[256] 0.0000002804740 0.0000002804810 0.0000002804879 0.0000002804949 0.0000002805019
[261] 0.0000002805088 0.0000002805158 0.0000002805227 0.0000002805297 0.0000002805367
[266] 0.0000002805437 0.0000002805506 0.0000002805576 0.0000002805646 0.0000002805716
[271] 0.0000002805785 0.0000002805855 0.0000002805925 0.0000002805995 0.0000002806064
[276] 0.0000002806134 0.0000002806204 0.0000002806274 0.0000002806344 0.0000002806414
[281] 0.0000002806483 0.0000002806553 0.0000002806623 0.0000002806693 0.0000002806763
[286] 0.0000002806833 0.0000002806903 0.0000002806973 0.0000002807043 0.0000002807113
[291] 0.0000002807183 0.0000002807252 0.0000002807322 0.0000002807392 0.0000002807462
[296] 0.0000002807532 0.0000002807602 0.0000002807673 0.0000002807743 0.0000002807813
[301] 0.0000002807883 0.0000002807953 0.0000002808023 0.0000002808093 0.0000002808163
[306] 0.0000002808233 0.0000002808303 0.0000002808373 0.0000002808444 0.0000002808514
[311] 0.0000002808584 0.0000002808654 0.0000002808724 0.0000002808794 0.0000002808865
[316] 0.0000002808935 0.0000002809005 0.0000002809075 0.0000002809145 0.0000002809216
[321] 0.0000002809286 0.0000002809356 0.0000002809427 0.0000002809497 0.0000002809567
[326] 0.0000002809637 0.0000002809708 0.0000002809778 0.0000002809848 0.0000002809919
[331] 0.0000002809989 0.0000002810060 0.0000002810130 0.0000002810200 0.0000002810271
[336] 0.0000002810341 0.0000002810412 0.0000002810482 0.0000002810553 0.0000002810623
[341] 0.0000002810693 0.0000002810764 0.0000002810834 0.0000002810905 0.0000002810975
[346] 0.0000002811046 0.0000002811116 0.0000002811187 0.0000002811258 0.0000002811328
[351] 0.0000002811399 0.0000002811469 0.0000002811540 0.0000002811610 0.0000002811681
[356] 0.0000002811752 0.0000002811822 0.0000002811893 0.0000002811964 0.0000002812034
[361] 0.0000002812105 0.0000002812176 0.0000002812246 0.0000002812317 0.0000002812388
[366] 0.0000002812459 0.0000002812529 0.0000002812600 0.0000002812671 0.0000002812742
[371] 0.0000002812812 0.0000002812883 0.0000002812954 0.0000002813025 0.0000002813096
[376] 0.0000002813166 0.0000002813237 0.0000002813308 0.0000002813379 0.0000002813450
[381] 0.0000002813521 0.0000002813592 0.0000002813662 0.0000002813733 0.0000002813804
[386] 0.0000002813875 0.0000002813946 0.0000002814017 0.0000002814088 0.0000002814159
[391] 0.0000002814230 0.0000002814301 0.0000002814372 0.0000002814443 0.0000002814514
[396] 0.0000002814585 0.0000002814656 0.0000002814727 0.0000002814798 0.0000002814869
[401] 0.0000002814940 0.0000002815012 0.0000002815083 0.0000002815154 0.0000002815225
[406] 0.0000002815296 0.0000002815367 0.0000002815438 0.0000002815510 0.0000002815581
[411] 0.0000002815652 0.0000002815723 0.0000002815794 0.0000002815866 0.0000002815937
[416] 0.0000002816008 0.0000002816079 0.0000002816151 0.0000002816222 0.0000002816293
[421] 0.0000002816364 0.0000002816436 0.0000002816507 0.0000002816578 0.0000002816650
[426] 0.0000002816721 0.0000002816792 0.0000002816864 0.0000002816935 0.0000002817007
[431] 0.0000002817078 0.0000002817149 0.0000002817221 0.0000002817292 0.0000002817364
[436] 0.0000002817435 0.0000002817507 0.0000002817578 0.0000002817650 0.0000002817721
[441] 0.0000002817793 0.0000002817864 0.0000002817936 0.0000002818007 0.0000002818079
[446] 0.0000002818150 0.0000002818222 0.0000002818293 0.0000002818365 0.0000002818437
[451] 0.0000002818508 0.0000002818580 0.0000002818652 0.0000002818723 0.0000002818795
[456] 0.0000002818866 0.0000002818938 0.0000002819010 0.0000002819082 0.0000002819153
[461] 0.0000002819225 0.0000002819297 0.0000002819368 0.0000002819440 0.0000002819512
[466] 0.0000002819584 0.0000002819655 0.0000002819727 0.0000002819799 0.0000002819871
[471] 0.0000002819943 0.0000002820015 0.0000002820086 0.0000002820158 0.0000002820230
[476] 0.0000002820302 0.0000002820374 0.0000002820446 0.0000002820518 0.0000002820590
[481] 0.0000002820662 0.0000002820733 0.0000002820805 0.0000002820877 0.0000002820949
[486] 0.0000002821021 0.0000002821093 0.0000002821165 0.0000002821237 0.0000002821309
[491] 0.0000002821381 0.0000002821453 0.0000002821526 0.0000002821598 0.0000002821670
[496] 0.0000002821742 0.0000002821814 0.0000002821886 0.0000002821958 0.0000002822030
[501] 0.0000002822102
[1] FALSE
> source('C:/Users/VitalyPC/MyOneDrive/Documents/GitHub/grad_work/diplMag.R', encoding = 'UTF-8')
  [1] 0.00000002842162 0.00000002842288 0.00000002842413 0.00000002842539 0.00000002842664
  [6] 0.00000002842790 0.00000002842915 0.00000002843041 0.00000002843166 0.00000002843292
 [11] 0.00000002843418 0.00000002843543 0.00000002843669 0.00000002843795 0.00000002843921
 [16] 0.00000002844047 0.00000002844172 0.00000002844298 0.00000002844424 0.00000002844550
 [21] 0.00000002844676 0.00000002844802 0.00000002844928 0.00000002845054 0.00000002845180
 [26] 0.00000002845307 0.00000002845433 0.00000002845559 0.00000002845685 0.00000002845812
 [31] 0.00000002845938 0.00000002846064 0.00000002846191 0.00000002846317 0.00000002846443
 [36] 0.00000002846570 0.00000002846696 0.00000002846823 0.00000002846950 0.00000002847076
 [41] 0.00000002847203 0.00000002847329 0.00000002847456 0.00000002847583 0.00000002847710
 [46] 0.00000002847836 0.00000002847963 0.00000002848090 0.00000002848217 0.00000002848344
 [51] 0.00000002848471 0.00000002848598 0.00000002848725 0.00000002848852 0.00000002848979
 [56] 0.00000002849106 0.00000002849233 0.00000002849360 0.00000002849487 0.00000002849615
 [61] 0.00000002849742 0.00000002849869 0.00000002849997 0.00000002850124 0.00000002850251
 [66] 0.00000002850379 0.00000002850506 0.00000002850634 0.00000002850761 0.00000002850889
 [71] 0.00000002851016 0.00000002851144 0.00000002851271 0.00000002851399 0.00000002851527
 [76] 0.00000002851655 0.00000002851782 0.00000002851910 0.00000002852038 0.00000002852166
 [81] 0.00000002852294 0.00000002852422 0.00000002852550 0.00000002852678 0.00000002852806
 [86] 0.00000002852934 0.00000002853062 0.00000002853190 0.00000002853318 0.00000002853446
 [91] 0.00000002853574 0.00000002853703 0.00000002853831 0.00000002853959 0.00000002854088
 [96] 0.00000002854216 0.00000002854344 0.00000002854473 0.00000002854601 0.00000002854730
[101] 0.00000002854858 0.00000002854987 0.00000002855116 0.00000002855244 0.00000002855373
[106] 0.00000002855502 0.00000002855630 0.00000002855759 0.00000002855888 0.00000002856017
[111] 0.00000002856146 0.00000002856274 0.00000002856403 0.00000002856532 0.00000002856661
[116] 0.00000002856790 0.00000002856919 0.00000002857048 0.00000002857178 0.00000002857307
[121] 0.00000002857436 0.00000002857565 0.00000002857694 0.00000002857824 0.00000002857953
[126] 0.00000002858082 0.00000002858212 0.00000002858341 0.00000002858470 0.00000002858600
[131] 0.00000002858729 0.00000002858859 0.00000002858988 0.00000002859118 0.00000002859248
[136] 0.00000002859377 0.00000002859507 0.00000002859637 0.00000002859766 0.00000002859896
[141] 0.00000002860026 0.00000002860156 0.00000002860286 0.00000002860416 0.00000002860546
[146] 0.00000002860676 0.00000002860806 0.00000002860936 0.00000002861066 0.00000002861196
[151] 0.00000002861326 0.00000002861456 0.00000002861586 0.00000002861717 0.00000002861847
[156] 0.00000002861977 0.00000002862108 0.00000002862238 0.00000002862368 0.00000002862499
[161] 0.00000002862629 0.00000002862760 0.00000002862890 0.00000002863021 0.00000002863151
[166] 0.00000002863282 0.00000002863413 0.00000002863543 0.00000002863674 0.00000002863805
[171] 0.00000002863936 0.00000002864067 0.00000002864197 0.00000002864328 0.00000002864459
[176] 0.00000002864590 0.00000002864721 0.00000002864852 0.00000002864983 0.00000002865114
[181] 0.00000002865245 0.00000002865377 0.00000002865508 0.00000002865639 0.00000002865770
[186] 0.00000002865901 0.00000002866033 0.00000002866164 0.00000002866296 0.00000002866427
[191] 0.00000002866558 0.00000002866690 0.00000002866821 0.00000002866953 0.00000002867084
[196] 0.00000002867216 0.00000002867348 0.00000002867479 0.00000002867611 0.00000002867743
[201] 0.00000002867875 0.00000002868006 0.00000002868138 0.00000002868270 0.00000002868402
[206] 0.00000002868534 0.00000002868666 0.00000002868798 0.00000002868930 0.00000002869062
[211] 0.00000002869194 0.00000002869326 0.00000002869458 0.00000002869590 0.00000002869723
[216] 0.00000002869855 0.00000002869987 0.00000002870120 0.00000002870252 0.00000002870384
[221] 0.00000002870517 0.00000002870649 0.00000002870782 0.00000002870914 0.00000002871047
[226] 0.00000002871179 0.00000002871312 0.00000002871445 0.00000002871577 0.00000002871710
[231] 0.00000002871843 0.00000002871976 0.00000002872108 0.00000002872241 0.00000002872374
[236] 0.00000002872507 0.00000002872640 0.00000002872773 0.00000002872906 0.00000002873039
[241] 0.00000002873172 0.00000002873305 0.00000002873438 0.00000002873571 0.00000002873705
[246] 0.00000002873838 0.00000002873971 0.00000002874104 0.00000002874238 0.00000002874371
[251] 0.00000002874505 0.00000002874638 0.00000002874772 0.00000002874905 0.00000002875039
[256] 0.00000002875172 0.00000002875306 0.00000002875439 0.00000002875573 0.00000002875707
[261] 0.00000002875840 0.00000002875974 0.00000002876108 0.00000002876242 0.00000002876376
[266] 0.00000002876510 0.00000002876644 0.00000002876778 0.00000002876912 0.00000002877046
[271] 0.00000002877180 0.00000002877314 0.00000002877448 0.00000002877582 0.00000002877716
[276] 0.00000002877850 0.00000002877985 0.00000002878119 0.00000002878253 0.00000002878388
[281] 0.00000002878522 0.00000002878657 0.00000002878791 0.00000002878926 0.00000002879060
[286] 0.00000002879195 0.00000002879329 0.00000002879464 0.00000002879598 0.00000002879733
[291] 0.00000002879868 0.00000002880003 0.00000002880137 0.00000002880272 0.00000002880407
[296] 0.00000002880542 0.00000002880677 0.00000002880812 0.00000002880947 0.00000002881082
[301] 0.00000002881217 0.00000002881352 0.00000002881487 0.00000002881622 0.00000002881758
[306] 0.00000002881893 0.00000002882028 0.00000002882163 0.00000002882299 0.00000002882434
[311] 0.00000002882569 0.00000002882705 0.00000002882840 0.00000002882976 0.00000002883111
[316] 0.00000002883247 0.00000002883383 0.00000002883518 0.00000002883654 0.00000002883789
[321] 0.00000002883925 0.00000002884061 0.00000002884197 0.00000002884333 0.00000002884468
[326] 0.00000002884604 0.00000002884740 0.00000002884876 0.00000002885012 0.00000002885148
[331] 0.00000002885284 0.00000002885420 0.00000002885557 0.00000002885693 0.00000002885829
[336] 0.00000002885965 0.00000002886101 0.00000002886238 0.00000002886374 0.00000002886510
[341] 0.00000002886647 0.00000002886783 0.00000002886920 0.00000002887056 0.00000002887193
[346] 0.00000002887329 0.00000002887466 0.00000002887603 0.00000002887739 0.00000002887876
[351] 0.00000002888013 0.00000002888149 0.00000002888286 0.00000002888423 0.00000002888560
[356] 0.00000002888697 0.00000002888834 0.00000002888971 0.00000002889108 0.00000002889245
[361] 0.00000002889382 0.00000002889519 0.00000002889656 0.00000002889793 0.00000002889930
[366] 0.00000002890068 0.00000002890205 0.00000002890342 0.00000002890480 0.00000002890617
[371] 0.00000002890754 0.00000002890892 0.00000002891029 0.00000002891167 0.00000002891304
[376] 0.00000002891442 0.00000002891579 0.00000002891717 0.00000002891855 0.00000002891992
[381] 0.00000002892130 0.00000002892268 0.00000002892406 0.00000002892544 0.00000002892682
[386] 0.00000002892819 0.00000002892957 0.00000002893095 0.00000002893233 0.00000002893371
[391] 0.00000002893510 0.00000002893648 0.00000002893786 0.00000002893924 0.00000002894062
[396] 0.00000002894200 0.00000002894339 0.00000002894477 0.00000002894615 0.00000002894754
[401] 0.00000002894892 0.00000002895031 0.00000002895169 0.00000002895308 0.00000002895446
[406] 0.00000002895585 0.00000002895723 0.00000002895862 0.00000002896001 0.00000002896139
[411] 0.00000002896278 0.00000002896417 0.00000002896556 0.00000002896695 0.00000002896834
[416] 0.00000002896973 0.00000002897112 0.00000002897250 0.00000002897390 0.00000002897529
[421] 0.00000002897668 0.00000002897807 0.00000002897946 0.00000002898085 0.00000002898224
[426] 0.00000002898364 0.00000002898503 0.00000002898642 0.00000002898782 0.00000002898921
[431] 0.00000002899061 0.00000002899200 0.00000002899340 0.00000002899479 0.00000002899619
[436] 0.00000002899758 0.00000002899898 0.00000002900038 0.00000002900177 0.00000002900317
[441] 0.00000002900457 0.00000002900597 0.00000002900736 0.00000002900876 0.00000002901016
[446] 0.00000002901156 0.00000002901296 0.00000002901436 0.00000002901576 0.00000002901716
[451] 0.00000002901857 0.00000002901997 0.00000002902137 0.00000002902277 0.00000002902417
[456] 0.00000002902558 0.00000002902698 0.00000002902838 0.00000002902979 0.00000002903119
[461] 0.00000002903260 0.00000002903400 0.00000002903541 0.00000002903681 0.00000002903822
[466] 0.00000002903962 0.00000002904103 0.00000002904244 0.00000002904385 0.00000002904525
[471] 0.00000002904666 0.00000002904807 0.00000002904948 0.00000002905089 0.00000002905230
[476] 0.00000002905371 0.00000002905512 0.00000002905653 0.00000002905794 0.00000002905935
[481] 0.00000002906076 0.00000002906217 0.00000002906359 0.00000002906500 0.00000002906641
[486] 0.00000002906782 0.00000002906924 0.00000002907065 0.00000002907207 0.00000002907348
[491] 0.00000002907490 0.00000002907631 0.00000002907773 0.00000002907914 0.00000002908056
[496] 0.00000002908198 0.00000002908339 0.00000002908481 0.00000002908623 0.00000002908765
[501] 0.00000002908906
[1] FALSE
> source('C:/Users/VitalyPC/MyOneDrive/Documents/GitHub/grad_work/diplMag.R', encoding = 'UTF-8')
  [1] 0.0000004215815 0.0000004216552 0.0000004217288 0.0000004218025 0.0000004218761
  [6] 0.0000004219498 0.0000004220235 0.0000004220972 0.0000004221709 0.0000004222447
 [11] 0.0000004223184 0.0000004223922 0.0000004224659 0.0000004225397 0.0000004226135
 [16] 0.0000004226873 0.0000004227612 0.0000004228350 0.0000004229089 0.0000004229827
 [21] 0.0000004230566 0.0000004231305 0.0000004232044 0.0000004232783 0.0000004233523
 [26] 0.0000004234262 0.0000004235002 0.0000004235742 0.0000004236481 0.0000004237222
 [31] 0.0000004237962 0.0000004238702 0.0000004239442 0.0000004240183 0.0000004240924
 [36] 0.0000004241664 0.0000004242405 0.0000004243147 0.0000004243888 0.0000004244629
 [41] 0.0000004245371 0.0000004246112 0.0000004246854 0.0000004247596 0.0000004248338
 [46] 0.0000004249080 0.0000004249822 0.0000004250565 0.0000004251308 0.0000004252050
 [51] 0.0000004252793 0.0000004253536 0.0000004254279 0.0000004255022 0.0000004255766
 [56] 0.0000004256509 0.0000004257253 0.0000004257997 0.0000004258741 0.0000004259485
 [61] 0.0000004260229 0.0000004260973 0.0000004261718 0.0000004262462 0.0000004263207
 [66] 0.0000004263952 0.0000004264697 0.0000004265442 0.0000004266188 0.0000004266933
 [71] 0.0000004267678 0.0000004268424 0.0000004269170 0.0000004269916 0.0000004270662
 [76] 0.0000004271408 0.0000004272155 0.0000004272901 0.0000004273648 0.0000004274395
 [81] 0.0000004275142 0.0000004275889 0.0000004276636 0.0000004277383 0.0000004278131
 [86] 0.0000004278878 0.0000004279626 0.0000004280374 0.0000004281122 0.0000004281870
 [91] 0.0000004282618 0.0000004283366 0.0000004284115 0.0000004284864 0.0000004285613
 [96] 0.0000004286361 0.0000004287111 0.0000004287860 0.0000004288609 0.0000004289359
[101] 0.0000004290108 0.0000004290858 0.0000004291608 0.0000004292358 0.0000004293108
[106] 0.0000004293858 0.0000004294609 0.0000004295360 0.0000004296110 0.0000004296861
[111] 0.0000004297612 0.0000004298363 0.0000004299114 0.0000004299866 0.0000004300617
[116] 0.0000004301369 0.0000004302121 0.0000004302873 0.0000004303625 0.0000004304377
[121] 0.0000004305130 0.0000004305882 0.0000004306635 0.0000004307387 0.0000004308140
[126] 0.0000004308893 0.0000004309647 0.0000004310400 0.0000004311153 0.0000004311907
[131] 0.0000004312661 0.0000004313415 0.0000004314169 0.0000004314923 0.0000004315677
[136] 0.0000004316431 0.0000004317186 0.0000004317941 0.0000004318695 0.0000004319450
[141] 0.0000004320205 0.0000004320961 0.0000004321716 0.0000004322472 0.0000004323227
[146] 0.0000004323983 0.0000004324739 0.0000004325495 0.0000004326251 0.0000004327008
[151] 0.0000004327764 0.0000004328521 0.0000004329277 0.0000004330034 0.0000004330791
[156] 0.0000004331548 0.0000004332306 0.0000004333063 0.0000004333821 0.0000004334578
[161] 0.0000004335336 0.0000004336094 0.0000004336852 0.0000004337611 0.0000004338369
[166] 0.0000004339128 0.0000004339886 0.0000004340645 0.0000004341404 0.0000004342163
[171] 0.0000004342922 0.0000004343682 0.0000004344441 0.0000004345201 0.0000004345961
[176] 0.0000004346721 0.0000004347481 0.0000004348241 0.0000004349001 0.0000004349762
[181] 0.0000004350522 0.0000004351283 0.0000004352044 0.0000004352805 0.0000004353566
[186] 0.0000004354327 0.0000004355089 0.0000004355850 0.0000004356612 0.0000004357374
[191] 0.0000004358136 0.0000004358898 0.0000004359660 0.0000004360423 0.0000004361185
[196] 0.0000004361948 0.0000004362711 0.0000004363474 0.0000004364237 0.0000004365000
[201] 0.0000004365763 0.0000004366527 0.0000004367291 0.0000004368054 0.0000004368818
[206] 0.0000004369582 0.0000004370347 0.0000004371111 0.0000004371876 0.0000004372640
[211] 0.0000004373405 0.0000004374170 0.0000004374935 0.0000004375700 0.0000004376465
[216] 0.0000004377231 0.0000004377996 0.0000004378762 0.0000004379528 0.0000004380294
[221] 0.0000004381060 0.0000004381827 0.0000004382593 0.0000004383360 0.0000004384126
[226] 0.0000004384893 0.0000004385660 0.0000004386427 0.0000004387195 0.0000004387962
[231] 0.0000004388729 0.0000004389497 0.0000004390265 0.0000004391033 0.0000004391801
[236] 0.0000004392569 0.0000004393338 0.0000004394106 0.0000004394875 0.0000004395644
[241] 0.0000004396413 0.0000004397182 0.0000004397951 0.0000004398720 0.0000004399490
[246] 0.0000004400260 0.0000004401029 0.0000004401799 0.0000004402569 0.0000004403340
[251] 0.0000004404110 0.0000004404880 0.0000004405651 0.0000004406422 0.0000004407193
[256] 0.0000004407964 0.0000004408735 0.0000004409506 0.0000004410278 0.0000004411049
[261] 0.0000004411821 0.0000004412593 0.0000004413365 0.0000004414137 0.0000004414909
[266] 0.0000004415682 0.0000004416455 0.0000004417227 0.0000004418000 0.0000004418773
[271] 0.0000004419546 0.0000004420320 0.0000004421093 0.0000004421867 0.0000004422640
[276] 0.0000004423414 0.0000004424188 0.0000004424962 0.0000004425737 0.0000004426511
[281] 0.0000004427286 0.0000004428060 0.0000004428835 0.0000004429610 0.0000004430385
[286] 0.0000004431160 0.0000004431936 0.0000004432711 0.0000004433487 0.0000004434263
[291] 0.0000004435039 0.0000004435815 0.0000004436591 0.0000004437368 0.0000004438144
[296] 0.0000004438921 0.0000004439698 0.0000004440475 0.0000004441252 0.0000004442029
[301] 0.0000004442806 0.0000004443584 0.0000004444362 0.0000004445139 0.0000004445917
[306] 0.0000004446695 0.0000004447474 0.0000004448252 0.0000004449031 0.0000004449809
[311] 0.0000004450588 0.0000004451367 0.0000004452146 0.0000004452925 0.0000004453705
[316] 0.0000004454484 0.0000004455264 0.0000004456044 0.0000004456823 0.0000004457604
[321] 0.0000004458384 0.0000004459164 0.0000004459945 0.0000004460725 0.0000004461506
[326] 0.0000004462287 0.0000004463068 0.0000004463849 0.0000004464631 0.0000004465412
[331] 0.0000004466194 0.0000004466975 0.0000004467757 0.0000004468539 0.0000004469322
[336] 0.0000004470104 0.0000004470886 0.0000004471669 0.0000004472452 0.0000004473235
[341] 0.0000004474018 0.0000004474801 0.0000004475584 0.0000004476368 0.0000004477152
[346] 0.0000004477935 0.0000004478719 0.0000004479503 0.0000004480287 0.0000004481072
[351] 0.0000004481856 0.0000004482641 0.0000004483426 0.0000004484211 0.0000004484996
[356] 0.0000004485781 0.0000004486566 0.0000004487352 0.0000004488137 0.0000004488923
[361] 0.0000004489709 0.0000004490495 0.0000004491281 0.0000004492068 0.0000004492854
[366] 0.0000004493641 0.0000004494427 0.0000004495214 0.0000004496001 0.0000004496789
[371] 0.0000004497576 0.0000004498363 0.0000004499151 0.0000004499939 0.0000004500727
[376] 0.0000004501515 0.0000004502303 0.0000004503091 0.0000004503880 0.0000004504668
[381] 0.0000004505457 0.0000004506246 0.0000004507035 0.0000004507824 0.0000004508614
[386] 0.0000004509403 0.0000004510193 0.0000004510983 0.0000004511773 0.0000004512563
[391] 0.0000004513353 0.0000004514143 0.0000004514934 0.0000004515724 0.0000004516515
[396] 0.0000004517306 0.0000004518097 0.0000004518888 0.0000004519680 0.0000004520471
[401] 0.0000004521263 0.0000004522055 0.0000004522847 0.0000004523639 0.0000004524431
[406] 0.0000004525223 0.0000004526016 0.0000004526808 0.0000004527601 0.0000004528394
[411] 0.0000004529187 0.0000004529980 0.0000004530774 0.0000004531567 0.0000004532361
[416] 0.0000004533155 0.0000004533949 0.0000004534743 0.0000004535537 0.0000004536332
[421] 0.0000004537126 0.0000004537921 0.0000004538716 0.0000004539511 0.0000004540306
[426] 0.0000004541101 0.0000004541896 0.0000004542692 0.0000004543488 0.0000004544283
[431] 0.0000004545079 0.0000004545875 0.0000004546672 0.0000004547468 0.0000004548265
[436] 0.0000004549061 0.0000004549858 0.0000004550655 0.0000004551452 0.0000004552250
[441] 0.0000004553047 0.0000004553845 0.0000004554642 0.0000004555440 0.0000004556238
[446] 0.0000004557036 0.0000004557835 0.0000004558633 0.0000004559432 0.0000004560230
[451] 0.0000004561029 0.0000004561828 0.0000004562628 0.0000004563427 0.0000004564226
[456] 0.0000004565026 0.0000004565826 0.0000004566626 0.0000004567426 0.0000004568226
[461] 0.0000004569026 0.0000004569827 0.0000004570627 0.0000004571428 0.0000004572229
[466] 0.0000004573030 0.0000004573831 0.0000004574633 0.0000004575434 0.0000004576236
[471] 0.0000004577037 0.0000004577839 0.0000004578641 0.0000004579444 0.0000004580246
[476] 0.0000004581049 0.0000004581851 0.0000004582654 0.0000004583457 0.0000004584260
[481] 0.0000004585063 0.0000004585867 0.0000004586670 0.0000004587474 0.0000004588278
[486] 0.0000004589082 0.0000004589886 0.0000004590690 0.0000004591495 0.0000004592299
[491] 0.0000004593104 0.0000004593909 0.0000004594714 0.0000004595519 0.0000004596324
[496] 0.0000004597130 0.0000004597935 0.0000004598741 0.0000004599547 0.0000004600353
[501] 0.0000004601159
[1] FALSE
  [1] 0.0000004215815 0.0000004216552 0.0000004217288 0.0000004218025 0.0000004218761
  [6] 0.0000004219498 0.0000004220235 0.0000004220972 0.0000004221709 0.0000004222447
 [11] 0.0000004223184 0.0000004223922 0.0000004224659 0.0000004225397 0.0000004226135
 [16] 0.0000004226873 0.0000004227612 0.0000004228350 0.0000004229089 0.0000004229827
 [21] 0.0000004230566 0.0000004231305 0.0000004232044 0.0000004232783 0.0000004233523
 [26] 0.0000004234262 0.0000004235002 0.0000004235742 0.0000004236481 0.0000004237222
 [31] 0.0000004237962 0.0000004238702 0.0000004239442 0.0000004240183 0.0000004240924
 [36] 0.0000004241664 0.0000004242405 0.0000004243147 0.0000004243888 0.0000004244629
 [41] 0.0000004245371 0.0000004246112 0.0000004246854 0.0000004247596 0.0000004248338
 [46] 0.0000004249080 0.0000004249822 0.0000004250565 0.0000004251308 0.0000004252050
 [51] 0.0000004252793 0.0000004253536 0.0000004254279 0.0000004255022 0.0000004255766
 [56] 0.0000004256509 0.0000004257253 0.0000004257997 0.0000004258741 0.0000004259485
 [61] 0.0000004260229 0.0000004260973 0.0000004261718 0.0000004262462 0.0000004263207
 [66] 0.0000004263952 0.0000004264697 0.0000004265442 0.0000004266188 0.0000004266933
 [71] 0.0000004267678 0.0000004268424 0.0000004269170 0.0000004269916 0.0000004270662
 [76] 0.0000004271408 0.0000004272155 0.0000004272901 0.0000004273648 0.0000004274395
 [81] 0.0000004275142 0.0000004275889 0.0000004276636 0.0000004277383 0.0000004278131
 [86] 0.0000004278878 0.0000004279626 0.0000004280374 0.0000004281122 0.0000004281870
 [91] 0.0000004282618 0.0000004283366 0.0000004284115 0.0000004284864 0.0000004285613
 [96] 0.0000004286361 0.0000004287111 0.0000004287860 0.0000004288609 0.0000004289359
[101] 0.0000004290108 0.0000004290858 0.0000004291608 0.0000004292358 0.0000004293108
[106] 0.0000004293858 0.0000004294609 0.0000004295360 0.0000004296110 0.0000004296861
[111] 0.0000004297612 0.0000004298363 0.0000004299114 0.0000004299866 0.0000004300617
[116] 0.0000004301369 0.0000004302121 0.0000004302873 0.0000004303625 0.0000004304377
[121] 0.0000004305130 0.0000004305882 0.0000004306635 0.0000004307387 0.0000004308140
[126] 0.0000004308893 0.0000004309647 0.0000004310400 0.0000004311153 0.0000004311907
[131] 0.0000004312661 0.0000004313415 0.0000004314169 0.0000004314923 0.0000004315677
[136] 0.0000004316431 0.0000004317186 0.0000004317941 0.0000004318695 0.0000004319450
[141] 0.0000004320205 0.0000004320961 0.0000004321716 0.0000004322472 0.0000004323227
[146] 0.0000004323983 0.0000004324739 0.0000004325495 0.0000004326251 0.0000004327008
[151] 0.0000004327764 0.0000004328521 0.0000004329277 0.0000004330034 0.0000004330791
[156] 0.0000004331548 0.0000004332306 0.0000004333063 0.0000004333821 0.0000004334578
[161] 0.0000004335336 0.0000004336094 0.0000004336852 0.0000004337611 0.0000004338369
[166] 0.0000004339128 0.0000004339886 0.0000004340645 0.0000004341404 0.0000004342163
[171] 0.0000004342922 0.0000004343682 0.0000004344441 0.0000004345201 0.0000004345961
[176] 0.0000004346721 0.0000004347481 0.0000004348241 0.0000004349001 0.0000004349762
[181] 0.0000004350522 0.0000004351283 0.0000004352044 0.0000004352805 0.0000004353566
[186] 0.0000004354327 0.0000004355089 0.0000004355850 0.0000004356612 0.0000004357374
[191] 0.0000004358136 0.0000004358898 0.0000004359660 0.0000004360423 0.0000004361185
[196] 0.0000004361948 0.0000004362711 0.0000004363474 0.0000004364237 0.0000004365000
[201] 0.0000004365763 0.0000004366527 0.0000004367291 0.0000004368054 0.0000004368818
[206] 0.0000004369582 0.0000004370347 0.0000004371111 0.0000004371876 0.0000004372640
[211] 0.0000004373405 0.0000004374170 0.0000004374935 0.0000004375700 0.0000004376465
[216] 0.0000004377231 0.0000004377996 0.0000004378762 0.0000004379528 0.0000004380294
[221] 0.0000004381060 0.0000004381827 0.0000004382593 0.0000004383360 0.0000004384126
[226] 0.0000004384893 0.0000004385660 0.0000004386427 0.0000004387195 0.0000004387962
[231] 0.0000004388729 0.0000004389497 0.0000004390265 0.0000004391033 0.0000004391801
[236] 0.0000004392569 0.0000004393338 0.0000004394106 0.0000004394875 0.0000004395644
[241] 0.0000004396413 0.0000004397182 0.0000004397951 0.0000004398720 0.0000004399490
[246] 0.0000004400260 0.0000004401029 0.0000004401799 0.0000004402569 0.0000004403340
[251] 0.0000004404110 0.0000004404880 0.0000004405651 0.0000004406422 0.0000004407193
[256] 0.0000004407964 0.0000004408735 0.0000004409506 0.0000004410278 0.0000004411049
[261] 0.0000004411821 0.0000004412593 0.0000004413365 0.0000004414137 0.0000004414909
[266] 0.0000004415682 0.0000004416455 0.0000004417227 0.0000004418000 0.0000004418773
[271] 0.0000004419546 0.0000004420320 0.0000004421093 0.0000004421867 0.0000004422640
[276] 0.0000004423414 0.0000004424188 0.0000004424962 0.0000004425737 0.0000004426511
[281] 0.0000004427286 0.0000004428060 0.0000004428835 0.0000004429610 0.0000004430385
[286] 0.0000004431160 0.0000004431936 0.0000004432711 0.0000004433487 0.0000004434263
[291] 0.0000004435039 0.0000004435815 0.0000004436591 0.0000004437368 0.0000004438144
[296] 0.0000004438921 0.0000004439698 0.0000004440475 0.0000004441252 0.0000004442029
[301] 0.0000004442806 0.0000004443584 0.0000004444362 0.0000004445139 0.0000004445917
[306] 0.0000004446695 0.0000004447474 0.0000004448252 0.0000004449031 0.0000004449809
[311] 0.0000004450588 0.0000004451367 0.0000004452146 0.0000004452925 0.0000004453705
[316] 0.0000004454484 0.0000004455264 0.0000004456044 0.0000004456823 0.0000004457604
[321] 0.0000004458384 0.0000004459164 0.0000004459945 0.0000004460725 0.0000004461506
[326] 0.0000004462287 0.0000004463068 0.0000004463849 0.0000004464631 0.0000004465412
[331] 0.0000004466194 0.0000004466975 0.0000004467757 0.0000004468539 0.0000004469322
[336] 0.0000004470104 0.0000004470886 0.0000004471669 0.0000004472452 0.0000004473235
[341] 0.0000004474018 0.0000004474801 0.0000004475584 0.0000004476368 0.0000004477152
[346] 0.0000004477935 0.0000004478719 0.0000004479503 0.0000004480287 0.0000004481072
[351] 0.0000004481856 0.0000004482641 0.0000004483426 0.0000004484211 0.0000004484996
[356] 0.0000004485781 0.0000004486566 0.0000004487352 0.0000004488137 0.0000004488923
[361] 0.0000004489709 0.0000004490495 0.0000004491281 0.0000004492068 0.0000004492854
[366] 0.0000004493641 0.0000004494427 0.0000004495214 0.0000004496001 0.0000004496789
[371] 0.0000004497576 0.0000004498363 0.0000004499151 0.0000004499939 0.0000004500727
[376] 0.0000004501515 0.0000004502303 0.0000004503091 0.0000004503880 0.0000004504668
[381] 0.0000004505457 0.0000004506246 0.0000004507035 0.0000004507824 0.0000004508614
[386] 0.0000004509403 0.0000004510193 0.0000004510983 0.0000004511773 0.0000004512563
[391] 0.0000004513353 0.0000004514143 0.0000004514934 0.0000004515724 0.0000004516515
[396] 0.0000004517306 0.0000004518097 0.0000004518888 0.0000004519680 0.0000004520471
[401] 0.0000004521263 0.0000004522055 0.0000004522847 0.0000004523639 0.0000004524431
[406] 0.0000004525223 0.0000004526016 0.0000004526808 0.0000004527601 0.0000004528394
[411] 0.0000004529187 0.0000004529980 0.0000004530774 0.0000004531567 0.0000004532361
[416] 0.0000004533155 0.0000004533949 0.0000004534743 0.0000004535537 0.0000004536332
[421] 0.0000004537126 0.0000004537921 0.0000004538716 0.0000004539511 0.0000004540306
[426] 0.0000004541101 0.0000004541896 0.0000004542692 0.0000004543488 0.0000004544283
[431] 0.0000004545079 0.0000004545875 0.0000004546672 0.0000004547468 0.0000004548265
[436] 0.0000004549061 0.0000004549858 0.0000004550655 0.0000004551452 0.0000004552250
[441] 0.0000004553047 0.0000004553845 0.0000004554642 0.0000004555440 0.0000004556238
[446] 0.0000004557036 0.0000004557835 0.0000004558633 0.0000004559432 0.0000004560230
[451] 0.0000004561029 0.0000004561828 0.0000004562628 0.0000004563427 0.0000004564226
[456] 0.0000004565026 0.0000004565826 0.0000004566626 0.0000004567426 0.0000004568226
[461] 0.0000004569026 0.0000004569827 0.0000004570627 0.0000004571428 0.0000004572229
[466] 0.0000004573030 0.0000004573831 0.0000004574633 0.0000004575434 0.0000004576236
[471] 0.0000004577037 0.0000004577839 0.0000004578641 0.0000004579444 0.0000004580246
[476] 0.0000004581049 0.0000004581851 0.0000004582654 0.0000004583457 0.0000004584260
[481] 0.0000004585063 0.0000004585867 0.0000004586670 0.0000004587474 0.0000004588278
[486] 0.0000004589082 0.0000004589886 0.0000004590690 0.0000004591495 0.0000004592299
[491] 0.0000004593104 0.0000004593909 0.0000004594714 0.0000004595519 0.0000004596324
[496] 0.0000004597130 0.0000004597935 0.0000004598741 0.0000004599547 0.0000004600353
[501] 0.0000004601159
[1] FALSE
> source('C:/Users/VitalyPC/MyOneDrive/Documents/GitHub/grad_work/diplMag.R', encoding = 'UTF-8')
  [1] 0.0000004215815 0.0000004216552 0.0000004217288 0.0000004218025 0.0000004218761
  [6] 0.0000004219498 0.0000004220235 0.0000004220972 0.0000004221709 0.0000004222447
 [11] 0.0000004223184 0.0000004223922 0.0000004224659 0.0000004225397 0.0000004226135
 [16] 0.0000004226873 0.0000004227612 0.0000004228350 0.0000004229089 0.0000004229827
 [21] 0.0000004230566 0.0000004231305 0.0000004232044 0.0000004232783 0.0000004233523
 [26] 0.0000004234262 0.0000004235002 0.0000004235742 0.0000004236481 0.0000004237222
 [31] 0.0000004237962 0.0000004238702 0.0000004239442 0.0000004240183 0.0000004240924
 [36] 0.0000004241664 0.0000004242405 0.0000004243147 0.0000004243888 0.0000004244629
 [41] 0.0000004245371 0.0000004246112 0.0000004246854 0.0000004247596 0.0000004248338
 [46] 0.0000004249080 0.0000004249822 0.0000004250565 0.0000004251308 0.0000004252050
 [51] 0.0000004252793 0.0000004253536 0.0000004254279 0.0000004255022 0.0000004255766
 [56] 0.0000004256509 0.0000004257253 0.0000004257997 0.0000004258741 0.0000004259485
 [61] 0.0000004260229 0.0000004260973 0.0000004261718 0.0000004262462 0.0000004263207
 [66] 0.0000004263952 0.0000004264697 0.0000004265442 0.0000004266188 0.0000004266933
 [71] 0.0000004267678 0.0000004268424 0.0000004269170 0.0000004269916 0.0000004270662
 [76] 0.0000004271408 0.0000004272155 0.0000004272901 0.0000004273648 0.0000004274395
 [81] 0.0000004275142 0.0000004275889 0.0000004276636 0.0000004277383 0.0000004278131
 [86] 0.0000004278878 0.0000004279626 0.0000004280374 0.0000004281122 0.0000004281870
 [91] 0.0000004282618 0.0000004283366 0.0000004284115 0.0000004284864 0.0000004285613
 [96] 0.0000004286361 0.0000004287111 0.0000004287860 0.0000004288609 0.0000004289359
[101] 0.0000004290108 0.0000004290858 0.0000004291608 0.0000004292358 0.0000004293108
[106] 0.0000004293858 0.0000004294609 0.0000004295360 0.0000004296110 0.0000004296861
[111] 0.0000004297612 0.0000004298363 0.0000004299114 0.0000004299866 0.0000004300617
[116] 0.0000004301369 0.0000004302121 0.0000004302873 0.0000004303625 0.0000004304377
[121] 0.0000004305130 0.0000004305882 0.0000004306635 0.0000004307387 0.0000004308140
[126] 0.0000004308893 0.0000004309647 0.0000004310400 0.0000004311153 0.0000004311907
[131] 0.0000004312661 0.0000004313415 0.0000004314169 0.0000004314923 0.0000004315677
[136] 0.0000004316431 0.0000004317186 0.0000004317941 0.0000004318695 0.0000004319450
[141] 0.0000004320205 0.0000004320961 0.0000004321716 0.0000004322472 0.0000004323227
[146] 0.0000004323983 0.0000004324739 0.0000004325495 0.0000004326251 0.0000004327008
[151] 0.0000004327764 0.0000004328521 0.0000004329277 0.0000004330034 0.0000004330791
[156] 0.0000004331548 0.0000004332306 0.0000004333063 0.0000004333821 0.0000004334578
[161] 0.0000004335336 0.0000004336094 0.0000004336852 0.0000004337611 0.0000004338369
[166] 0.0000004339128 0.0000004339886 0.0000004340645 0.0000004341404 0.0000004342163
[171] 0.0000004342922 0.0000004343682 0.0000004344441 0.0000004345201 0.0000004345961
[176] 0.0000004346721 0.0000004347481 0.0000004348241 0.0000004349001 0.0000004349762
[181] 0.0000004350522 0.0000004351283 0.0000004352044 0.0000004352805 0.0000004353566
[186] 0.0000004354327 0.0000004355089 0.0000004355850 0.0000004356612 0.0000004357374
[191] 0.0000004358136 0.0000004358898 0.0000004359660 0.0000004360423 0.0000004361185
[196] 0.0000004361948 0.0000004362711 0.0000004363474 0.0000004364237 0.0000004365000
[201] 0.0000004365763 0.0000004366527 0.0000004367291 0.0000004368054 0.0000004368818
[206] 0.0000004369582 0.0000004370347 0.0000004371111 0.0000004371876 0.0000004372640
[211] 0.0000004373405 0.0000004374170 0.0000004374935 0.0000004375700 0.0000004376465
[216] 0.0000004377231 0.0000004377996 0.0000004378762 0.0000004379528 0.0000004380294
[221] 0.0000004381060 0.0000004381827 0.0000004382593 0.0000004383360 0.0000004384126
[226] 0.0000004384893 0.0000004385660 0.0000004386427 0.0000004387195 0.0000004387962
[231] 0.0000004388729 0.0000004389497 0.0000004390265 0.0000004391033 0.0000004391801
[236] 0.0000004392569 0.0000004393338 0.0000004394106 0.0000004394875 0.0000004395644
[241] 0.0000004396413 0.0000004397182 0.0000004397951 0.0000004398720 0.0000004399490
[246] 0.0000004400260 0.0000004401029 0.0000004401799 0.0000004402569 0.0000004403340
[251] 0.0000004404110 0.0000004404880 0.0000004405651 0.0000004406422 0.0000004407193
[256] 0.0000004407964 0.0000004408735 0.0000004409506 0.0000004410278 0.0000004411049
[261] 0.0000004411821 0.0000004412593 0.0000004413365 0.0000004414137 0.0000004414909
[266] 0.0000004415682 0.0000004416455 0.0000004417227 0.0000004418000 0.0000004418773
[271] 0.0000004419546 0.0000004420320 0.0000004421093 0.0000004421867 0.0000004422640
[276] 0.0000004423414 0.0000004424188 0.0000004424962 0.0000004425737 0.0000004426511
[281] 0.0000004427286 0.0000004428060 0.0000004428835 0.0000004429610 0.0000004430385
[286] 0.0000004431160 0.0000004431936 0.0000004432711 0.0000004433487 0.0000004434263
[291] 0.0000004435039 0.0000004435815 0.0000004436591 0.0000004437368 0.0000004438144
[296] 0.0000004438921 0.0000004439698 0.0000004440475 0.0000004441252 0.0000004442029
[301] 0.0000004442806 0.0000004443584 0.0000004444362 0.0000004445139 0.0000004445917
[306] 0.0000004446695 0.0000004447474 0.0000004448252 0.0000004449031 0.0000004449809
[311] 0.0000004450588 0.0000004451367 0.0000004452146 0.0000004452925 0.0000004453705
[316] 0.0000004454484 0.0000004455264 0.0000004456044 0.0000004456823 0.0000004457604
[321] 0.0000004458384 0.0000004459164 0.0000004459945 0.0000004460725 0.0000004461506
[326] 0.0000004462287 0.0000004463068 0.0000004463849 0.0000004464631 0.0000004465412
[331] 0.0000004466194 0.0000004466975 0.0000004467757 0.0000004468539 0.0000004469322
[336] 0.0000004470104 0.0000004470886 0.0000004471669 0.0000004472452 0.0000004473235
[341] 0.0000004474018 0.0000004474801 0.0000004475584 0.0000004476368 0.0000004477152
[346] 0.0000004477935 0.0000004478719 0.0000004479503 0.0000004480287 0.0000004481072
[351] 0.0000004481856 0.0000004482641 0.0000004483426 0.0000004484211 0.0000004484996
[356] 0.0000004485781 0.0000004486566 0.0000004487352 0.0000004488137 0.0000004488923
[361] 0.0000004489709 0.0000004490495 0.0000004491281 0.0000004492068 0.0000004492854
[366] 0.0000004493641 0.0000004494427 0.0000004495214 0.0000004496001 0.0000004496789
[371] 0.0000004497576 0.0000004498363 0.0000004499151 0.0000004499939 0.0000004500727
[376] 0.0000004501515 0.0000004502303 0.0000004503091 0.0000004503880 0.0000004504668
[381] 0.0000004505457 0.0000004506246 0.0000004507035 0.0000004507824 0.0000004508614
[386] 0.0000004509403 0.0000004510193 0.0000004510983 0.0000004511773 0.0000004512563
[391] 0.0000004513353 0.0000004514143 0.0000004514934 0.0000004515724 0.0000004516515
[396] 0.0000004517306 0.0000004518097 0.0000004518888 0.0000004519680 0.0000004520471
[401] 0.0000004521263 0.0000004522055 0.0000004522847 0.0000004523639 0.0000004524431
[406] 0.0000004525223 0.0000004526016 0.0000004526808 0.0000004527601 0.0000004528394
[411] 0.0000004529187 0.0000004529980 0.0000004530774 0.0000004531567 0.0000004532361
[416] 0.0000004533155 0.0000004533949 0.0000004534743 0.0000004535537 0.0000004536332
[421] 0.0000004537126 0.0000004537921 0.0000004538716 0.0000004539511 0.0000004540306
[426] 0.0000004541101 0.0000004541896 0.0000004542692 0.0000004543488 0.0000004544283
[431] 0.0000004545079 0.0000004545875 0.0000004546672 0.0000004547468 0.0000004548265
[436] 0.0000004549061 0.0000004549858 0.0000004550655 0.0000004551452 0.0000004552250
[441] 0.0000004553047 0.0000004553845 0.0000004554642 0.0000004555440 0.0000004556238
[446] 0.0000004557036 0.0000004557835 0.0000004558633 0.0000004559432 0.0000004560230
[451] 0.0000004561029 0.0000004561828 0.0000004562628 0.0000004563427 0.0000004564226
[456] 0.0000004565026 0.0000004565826 0.0000004566626 0.0000004567426 0.0000004568226
[461] 0.0000004569026 0.0000004569827 0.0000004570627 0.0000004571428 0.0000004572229
[466] 0.0000004573030 0.0000004573831 0.0000004574633 0.0000004575434 0.0000004576236
[471] 0.0000004577037 0.0000004577839 0.0000004578641 0.0000004579444 0.0000004580246
[476] 0.0000004581049 0.0000004581851 0.0000004582654 0.0000004583457 0.0000004584260
[481] 0.0000004585063 0.0000004585867 0.0000004586670 0.0000004587474 0.0000004588278
[486] 0.0000004589082 0.0000004589886 0.0000004590690 0.0000004591495 0.0000004592299
[491] 0.0000004593104 0.0000004593909 0.0000004594714 0.0000004595519 0.0000004596324
[496] 0.0000004597130 0.0000004597935 0.0000004598741 0.0000004599547 0.0000004600353
[501] 0.0000004601159
[1] FALSE
  [1] 0.0000004215815 0.0000004216552 0.0000004217288 0.0000004218025 0.0000004218761
  [6] 0.0000004219498 0.0000004220235 0.0000004220972 0.0000004221709 0.0000004222447
 [11] 0.0000004223184 0.0000004223922 0.0000004224659 0.0000004225397 0.0000004226135
 [16] 0.0000004226873 0.0000004227612 0.0000004228350 0.0000004229089 0.0000004229827
 [21] 0.0000004230566 0.0000004231305 0.0000004232044 0.0000004232783 0.0000004233523
 [26] 0.0000004234262 0.0000004235002 0.0000004235742 0.0000004236481 0.0000004237222
 [31] 0.0000004237962 0.0000004238702 0.0000004239442 0.0000004240183 0.0000004240924
 [36] 0.0000004241664 0.0000004242405 0.0000004243147 0.0000004243888 0.0000004244629
 [41] 0.0000004245371 0.0000004246112 0.0000004246854 0.0000004247596 0.0000004248338
 [46] 0.0000004249080 0.0000004249822 0.0000004250565 0.0000004251308 0.0000004252050
 [51] 0.0000004252793 0.0000004253536 0.0000004254279 0.0000004255022 0.0000004255766
 [56] 0.0000004256509 0.0000004257253 0.0000004257997 0.0000004258741 0.0000004259485
 [61] 0.0000004260229 0.0000004260973 0.0000004261718 0.0000004262462 0.0000004263207
 [66] 0.0000004263952 0.0000004264697 0.0000004265442 0.0000004266188 0.0000004266933
 [71] 0.0000004267678 0.0000004268424 0.0000004269170 0.0000004269916 0.0000004270662
 [76] 0.0000004271408 0.0000004272155 0.0000004272901 0.0000004273648 0.0000004274395
 [81] 0.0000004275142 0.0000004275889 0.0000004276636 0.0000004277383 0.0000004278131
 [86] 0.0000004278878 0.0000004279626 0.0000004280374 0.0000004281122 0.0000004281870
 [91] 0.0000004282618 0.0000004283366 0.0000004284115 0.0000004284864 0.0000004285613
 [96] 0.0000004286361 0.0000004287111 0.0000004287860 0.0000004288609 0.0000004289359
[101] 0.0000004290108 0.0000004290858 0.0000004291608 0.0000004292358 0.0000004293108
[106] 0.0000004293858 0.0000004294609 0.0000004295360 0.0000004296110 0.0000004296861
[111] 0.0000004297612 0.0000004298363 0.0000004299114 0.0000004299866 0.0000004300617
[116] 0.0000004301369 0.0000004302121 0.0000004302873 0.0000004303625 0.0000004304377
[121] 0.0000004305130 0.0000004305882 0.0000004306635 0.0000004307387 0.0000004308140
[126] 0.0000004308893 0.0000004309647 0.0000004310400 0.0000004311153 0.0000004311907
[131] 0.0000004312661 0.0000004313415 0.0000004314169 0.0000004314923 0.0000004315677
[136] 0.0000004316431 0.0000004317186 0.0000004317941 0.0000004318695 0.0000004319450
[141] 0.0000004320205 0.0000004320961 0.0000004321716 0.0000004322472 0.0000004323227
[146] 0.0000004323983 0.0000004324739 0.0000004325495 0.0000004326251 0.0000004327008
[151] 0.0000004327764 0.0000004328521 0.0000004329277 0.0000004330034 0.0000004330791
[156] 0.0000004331548 0.0000004332306 0.0000004333063 0.0000004333821 0.0000004334578
[161] 0.0000004335336 0.0000004336094 0.0000004336852 0.0000004337611 0.0000004338369
[166] 0.0000004339128 0.0000004339886 0.0000004340645 0.0000004341404 0.0000004342163
[171] 0.0000004342922 0.0000004343682 0.0000004344441 0.0000004345201 0.0000004345961
[176] 0.0000004346721 0.0000004347481 0.0000004348241 0.0000004349001 0.0000004349762
[181] 0.0000004350522 0.0000004351283 0.0000004352044 0.0000004352805 0.0000004353566
[186] 0.0000004354327 0.0000004355089 0.0000004355850 0.0000004356612 0.0000004357374
[191] 0.0000004358136 0.0000004358898 0.0000004359660 0.0000004360423 0.0000004361185
[196] 0.0000004361948 0.0000004362711 0.0000004363474 0.0000004364237 0.0000004365000
[201] 0.0000004365763 0.0000004366527 0.0000004367291 0.0000004368054 0.0000004368818
[206] 0.0000004369582 0.0000004370347 0.0000004371111 0.0000004371876 0.0000004372640
[211] 0.0000004373405 0.0000004374170 0.0000004374935 0.0000004375700 0.0000004376465
[216] 0.0000004377231 0.0000004377996 0.0000004378762 0.0000004379528 0.0000004380294
[221] 0.0000004381060 0.0000004381827 0.0000004382593 0.0000004383360 0.0000004384126
[226] 0.0000004384893 0.0000004385660 0.0000004386427 0.0000004387195 0.0000004387962
[231] 0.0000004388729 0.0000004389497 0.0000004390265 0.0000004391033 0.0000004391801
[236] 0.0000004392569 0.0000004393338 0.0000004394106 0.0000004394875 0.0000004395644
[241] 0.0000004396413 0.0000004397182 0.0000004397951 0.0000004398720 0.0000004399490
[246] 0.0000004400260 0.0000004401029 0.0000004401799 0.0000004402569 0.0000004403340
[251] 0.0000004404110 0.0000004404880 0.0000004405651 0.0000004406422 0.0000004407193
[256] 0.0000004407964 0.0000004408735 0.0000004409506 0.0000004410278 0.0000004411049
[261] 0.0000004411821 0.0000004412593 0.0000004413365 0.0000004414137 0.0000004414909
[266] 0.0000004415682 0.0000004416455 0.0000004417227 0.0000004418000 0.0000004418773
[271] 0.0000004419546 0.0000004420320 0.0000004421093 0.0000004421867 0.0000004422640
[276] 0.0000004423414 0.0000004424188 0.0000004424962 0.0000004425737 0.0000004426511
[281] 0.0000004427286 0.0000004428060 0.0000004428835 0.0000004429610 0.0000004430385
[286] 0.0000004431160 0.0000004431936 0.0000004432711 0.0000004433487 0.0000004434263
[291] 0.0000004435039 0.0000004435815 0.0000004436591 0.0000004437368 0.0000004438144
[296] 0.0000004438921 0.0000004439698 0.0000004440475 0.0000004441252 0.0000004442029
[301] 0.0000004442806 0.0000004443584 0.0000004444362 0.0000004445139 0.0000004445917
[306] 0.0000004446695 0.0000004447474 0.0000004448252 0.0000004449031 0.0000004449809
[311] 0.0000004450588 0.0000004451367 0.0000004452146 0.0000004452925 0.0000004453705
[316] 0.0000004454484 0.0000004455264 0.0000004456044 0.0000004456823 0.0000004457604
[321] 0.0000004458384 0.0000004459164 0.0000004459945 0.0000004460725 0.0000004461506
[326] 0.0000004462287 0.0000004463068 0.0000004463849 0.0000004464631 0.0000004465412
[331] 0.0000004466194 0.0000004466975 0.0000004467757 0.0000004468539 0.0000004469322
[336] 0.0000004470104 0.0000004470886 0.0000004471669 0.0000004472452 0.0000004473235
[341] 0.0000004474018 0.0000004474801 0.0000004475584 0.0000004476368 0.0000004477152
[346] 0.0000004477935 0.0000004478719 0.0000004479503 0.0000004480287 0.0000004481072
[351] 0.0000004481856 0.0000004482641 0.0000004483426 0.0000004484211 0.0000004484996
[356] 0.0000004485781 0.0000004486566 0.0000004487352 0.0000004488137 0.0000004488923
[361] 0.0000004489709 0.0000004490495 0.0000004491281 0.0000004492068 0.0000004492854
[366] 0.0000004493641 0.0000004494427 0.0000004495214 0.0000004496001 0.0000004496789
[371] 0.0000004497576 0.0000004498363 0.0000004499151 0.0000004499939 0.0000004500727
[376] 0.0000004501515 0.0000004502303 0.0000004503091 0.0000004503880 0.0000004504668
[381] 0.0000004505457 0.0000004506246 0.0000004507035 0.0000004507824 0.0000004508614
[386] 0.0000004509403 0.0000004510193 0.0000004510983 0.0000004511773 0.0000004512563
[391] 0.0000004513353 0.0000004514143 0.0000004514934 0.0000004515724 0.0000004516515
[396] 0.0000004517306 0.0000004518097 0.0000004518888 0.0000004519680 0.0000004520471
[401] 0.0000004521263 0.0000004522055 0.0000004522847 0.0000004523639 0.0000004524431
[406] 0.0000004525223 0.0000004526016 0.0000004526808 0.0000004527601 0.0000004528394
[411] 0.0000004529187 0.0000004529980 0.0000004530774 0.0000004531567 0.0000004532361
[416] 0.0000004533155 0.0000004533949 0.0000004534743 0.0000004535537 0.0000004536332
[421] 0.0000004537126 0.0000004537921 0.0000004538716 0.0000004539511 0.0000004540306
[426] 0.0000004541101 0.0000004541896 0.0000004542692 0.0000004543488 0.0000004544283
[431] 0.0000004545079 0.0000004545875 0.0000004546672 0.0000004547468 0.0000004548265
[436] 0.0000004549061 0.0000004549858 0.0000004550655 0.0000004551452 0.0000004552250
[441] 0.0000004553047 0.0000004553845 0.0000004554642 0.0000004555440 0.0000004556238
[446] 0.0000004557036 0.0000004557835 0.0000004558633 0.0000004559432 0.0000004560230
[451] 0.0000004561029 0.0000004561828 0.0000004562628 0.0000004563427 0.0000004564226
[456] 0.0000004565026 0.0000004565826 0.0000004566626 0.0000004567426 0.0000004568226
[461] 0.0000004569026 0.0000004569827 0.0000004570627 0.0000004571428 0.0000004572229
[466] 0.0000004573030 0.0000004573831 0.0000004574633 0.0000004575434 0.0000004576236
[471] 0.0000004577037 0.0000004577839 0.0000004578641 0.0000004579444 0.0000004580246
[476] 0.0000004581049 0.0000004581851 0.0000004582654 0.0000004583457 0.0000004584260
[481] 0.0000004585063 0.0000004585867 0.0000004586670 0.0000004587474 0.0000004588278
[486] 0.0000004589082 0.0000004589886 0.0000004590690 0.0000004591495 0.0000004592299
[491] 0.0000004593104 0.0000004593909 0.0000004594714 0.0000004595519 0.0000004596324
[496] 0.0000004597130 0.0000004597935 0.0000004598741 0.0000004599547 0.0000004600353
[501] 0.0000004601159
[1] FALSE
> 